mean,categ_0,categ_1,categ_2,categ_3,categ_4,categ_5
385.8,0.0,0.0,83.04821150855365,16.951788491446347,0.0,0.0
319.71500000000003,0.0,12.629998592496442,25.100480115102503,25.535242325195878,31.223120591777047,5.511158375428115
767.37,10.679333307270287,24.370251638714045,13.27912219659356,39.08935715495784,8.698541772547793,3.8833939299164686
291.34666666666664,0.0,44.59292480893323,36.474303235549854,18.93277195551691,0.0,0.0
258.52,2.61101655577905,9.736190623549437,22.319356336066846,20.71406467584713,40.34504100263037,4.274330806127186
478.89,2.07772139739815,24.431497838752115,26.43613355885485,34.588318820605984,12.4663283843889,0.0
80.965,18.87852775890817,8.219601062187365,25.41221515469648,18.433891187550174,18.88161551287593,10.17414932378188
301.6,30.802387267904518,39.55570291777188,11.5053050397878,5.470822281167109,12.383952254641912,0.2818302387267904
432.0,55.00000000000001,16.666666666666664,0.0,0.0,0.0,28.33333333333333
218.19,16.22439158531555,3.0798845043310874,35.462211833722904,19.24698657133691,15.39942252165544,10.587102983638111
361.78,25.65094808999945,6.814915141798883,39.44386090994527,11.008071203493836,17.082204654762563,0.0
346.90000000000003,0.0,0.5477082732776015,21.173248774863072,20.928221389449405,57.35082156240991,0.0
345.89,23.89487987510481,0.0,0.0,0.0,0.0,76.1051201248952
138.9,0.0,14.686825053995678,0.0,28.5097192224622,56.80345572354212,0.0
141.04,9.53630175836642,12.50709018718094,12.76233692569484,20.95150311968236,21.97958026091889,22.26318774815655
393.5033333333333,19.52122387781552,2.175331001008039,34.053078754097804,23.903228265749547,11.639037365206564,8.708100736122525
553.8100000000001,9.208934472111372,18.788031996533107,43.52575793142052,17.525866271826075,3.620375218937903,7.331034109171015
557.5600000000001,34.722720424707646,19.97273835999713,3.5870578951144267,31.530238898055813,8.393715474567758,1.7935289475572134
249.86,0.0,39.47810774033458,14.167934043064118,17.04954774673817,6.003361882654286,23.30104858720884
195.03,40.71168538173615,0.0,14.895144336768704,27.011229041685898,14.766958929395477,2.614982310413782
870.78,0.0,26.789774684765383,4.065320746916559,52.09122855371047,3.4107352029215194,13.642940811686078
257.84000000000003,27.168011169717648,36.103785293205085,4.847967731926776,12.91498603785293,18.965249767297543,0.0
125.44,0.0,0.0,0.0,100.0,0.0,0.0
227.4,43.00791556728232,14.907651715039576,16.62269129287599,14.248021108179415,11.213720316622693,0.0
261.76,42.72998166259169,30.470660146699263,5.50122249388753,11.26986552567237,10.028270171149146,0.0
265.924,8.694213384275209,0.7581113400821288,7.242670838284624,25.037228681879032,45.537822836599936,12.72995291887908
636.3766666666667,19.68435884408081,3.3627882857636724,33.419410935871305,13.52238977963784,26.899687292117346,3.111364862529005
499.89,21.894816859709135,20.74456380403689,15.583428354237933,17.68189001580348,16.50363079877573,7.591670167436835
284.6675,7.596581977219036,17.790931525376095,21.792968990137616,36.67787857763882,8.25524515443456,7.886393775193867
119.77,0.0,31.209818819403857,19.954913584370043,22.29272772814561,12.190030892544044,14.352508975536448
230.1,38.78748370273794,2.0643198609300306,7.692307692307694,18.274663189917423,33.18122555410692,0.0
405.34,0.0,6.276212562293382,28.98801006562392,19.42813440568412,32.72561306557458,12.582029900824
142.25,0.0,23.51493848857645,63.30404217926186,13.181019332161686,0.0,0.0
673.37,17.286187385835426,21.79485275554301,10.76674042502636,25.31446307379301,22.47649880452055,2.361257555281643
116.0,0.0,0.0,0.0,100.0,0.0,0.0
182.25,11.440329218106998,15.665294924554184,9.684499314128942,33.77229080932784,12.647462277091906,16.790123456790123
274.93,21.714618266467824,16.342341686974866,30.57141817917288,19.00483759502419,12.366784272360237,0.0
190.55,9.367620047231698,0.0,71.4773025452637,0.0,8.921542902125426,10.233534505379165
76.32000000000001,0.0,0.0,0.0,100.0,0.0,0.0
209.3,0.0,9.746774964166269,18.58576206402293,35.40372670807453,28.66698518872432,7.596751075011944
927.9,14.54898157129001,3.8409311348205626,0.0,38.53863562883932,0.0,43.071451665050105
226.57,28.159067837754336,6.320342499006928,10.460343381736328,15.558105662709096,31.42516661517412,8.07697400361919
194.85,36.18167821401077,15.704387990762122,0.0,0.0,24.32640492686682,23.78752886836028
302.38,21.63668232025928,18.23864012170117,25.79535683576956,12.347046762352008,12.492559031681989,9.489714928235994
135.39999999999998,13.62629246676514,18.8330871491876,8.714918759231907,49.63072378138848,9.194977843426884,0.0
424.49,3.745671276119579,33.4495512261773,13.14518598789135,41.99156635020849,7.66802515960329,0.0
31.3,0.0,63.73801916932907,36.26198083067093,0.0,0.0,0.0
417.62,23.4902542981658,0.0,73.27235285666394,3.2373928451702505,0.0,0.0
950.88,0.0,15.564529698805318,8.581524482584554,0.0,75.85394581861013,0.0
402.36,13.706630877820857,23.799582463465548,11.792921761606522,26.29486032408788,22.243761805348445,2.162242767670742
313.53,31.06560775683348,19.073134947213983,14.544062769113005,16.036742895416708,9.472777724619656,9.807673906803178
634.065,43.54443156458723,7.716874452934635,26.92153012703745,1.675695709430421,16.559816422606513,3.581651723403752
383.07,12.73918604954708,36.91231367635158,24.9562743101783,8.698149163338291,16.69407680058475,0.0
216.4,0.0,4.621072088724584,19.824399260628468,27.35674676524954,48.19778188539741,0.0
166.95,0.0,6.109613656783468,0.0,17.969451931716087,75.92093441150045,0.0
145.60000000000002,0.0,0.0,17.53090659340659,20.037774725274723,30.82074175824176,31.61057692307692
327.52,15.785295554469958,14.747191011235955,16.411211529066925,14.55330972154372,35.10472642892037,3.398265754763069
74.4,0.0,11.424731182795698,0.0,0.0,71.77419354838709,16.801075268817204
110.35,22.111463525147258,1.5405527865881286,35.88581785228817,23.017671046669687,14.771182600815584,2.6733121884911646
38.1,0.0,53.54330708661416,46.45669291338584,0.0,0.0,0.0
433.5,15.570934256055365,41.10726643598616,0.0,39.72318339100346,3.598615916955017,0.0
370.2871428571429,7.658149467015944,6.759233181970749,27.989861150227046,8.895027411159678,46.76100786648199,1.9367209231445863
1040.9199999999998,3.554547899934674,15.263420820043809,14.12852732838899,34.25815624639742,27.74212555559825,5.05322214963686
187.44666666666663,24.033502863036603,19.698047444606463,14.341857239392542,27.00679304335456,13.43493260305154,1.4848668065583104
157.92,24.53774062816616,12.246707193515704,20.738348530901725,26.04483282674772,12.158054711246203,4.274316109422493
399.035,0.0,22.722317591188745,16.940869848509532,20.98186875837959,36.22238650744922,3.132557294472916
547.4499999999999,0.0,14.324595853502602,38.76153073340031,23.65147502054982,9.52598410813773,13.736414284409534
462.96,0.0,28.28214100570244,0.2106013478486262,60.96099015033696,2.430015552099533,8.116251944012442
196.43,16.468971134755385,7.20867484600112,12.345364760983555,36.92918596955658,22.119839128442703,4.927964160260653
872.135,7.157722141640916,9.958320672831611,32.83035309900417,35.95888251245507,11.775699862979929,2.3190217110883067
303.15000000000003,0.0,13.45868381989114,55.12122711528946,26.52152399802078,4.898565066798614,0.0
428.74,0.0,18.89956617063955,28.6420674534683,18.12287167047628,5.2479358119139805,29.47240751970891
110.1,5.404178019981836,4.268846503178929,39.23705722070845,16.575840145322434,31.5622161671208,2.951861943687557
245.61,9.71051667277391,12.403810919750825,22.48483367941045,37.81197833964416,6.870648589226823,10.718211799193844
1520.42,4.551373962457742,20.469343997053443,22.809486852317125,31.372910116941373,9.734152405256442,11.062732665973876
141.88333333333333,16.621637495594975,16.950546223423004,15.658404792670035,30.518031246329148,20.25138024198285,0.0
136.24,5.10129183793306,21.7190252495596,8.037287140340576,3.6699941280093946,3.119495008807986,58.35290663534938
270.185,30.24779317874789,28.78028017839628,37.30777060162482,3.664156041231008,0.0,0.0
819.3933333333333,7.611322197723519,12.081295918118284,25.909412654891025,27.679014555484137,13.416430041738195,13.302524632044848
33.0,0.0,0.0,0.0,100.0,0.0,0.0
377.52,8.264462809917356,30.83280356007629,8.105530832803561,40.24157660521297,12.55562619198983,0.0
725.3,1.644147249414036,0.0,80.23231766165725,5.539087274231353,0.0,12.58444781469737
303.5,0.0,3.459637561779242,16.902800658978585,43.41021416803954,32.10873146622735,4.118616144975288
523.05,8.287926584456553,27.98967593920276,9.568874868559412,12.637415161074466,16.269955071216902,25.24615237548992
81.75,38.899082568807344,0.0,15.412844036697248,0.0,45.68807339449542,0.0
241.66000000000005,6.393279814615576,12.14930067036332,40.821815774228256,15.062484482330548,10.09683025738641,15.476289001075894
326.95,48.00428200030586,20.247744303410304,5.413671815262274,23.306315950451136,3.027985930570424,0.0
408.0,100.0,0.0,0.0,0.0,0.0,0.0
3481.36,11.149378403842178,28.419927844290736,8.789668405450742,25.32027713307443,12.426178275156834,13.89456993818508
319.18,0.0,12.745159471144806,41.16799298201643,29.701109092048373,0.0,16.3857384547904
329.36,10.323050765120232,14.774107359727957,18.490405635171243,20.40320621811999,36.009230021860574,0.0
639.65,30.32648062742646,15.706506162224132,16.55592902368483,33.36199484092863,1.5633549597436098,2.48573438599234
337.98,13.846973193680098,6.426415764246404,28.0194094325108,30.463341026096213,21.243860583466475,0.0
109.82,0.0,0.0,25.405208523037693,60.207612456747405,14.387179020214896,0.0
318.05,8.111932086149977,6.414085835560446,47.55541581512341,23.864172299952838,14.054393963213332,0.0
204.95,32.93486216150281,24.8841180775799,0.0,22.90802634788973,19.27299341302757,0.0
183.355,10.82599329170189,11.976766382154835,13.00755365275013,25.5242562242644,34.564096970358044,4.10133347877069
312.95,12.717686531394792,20.083080364275443,11.311711135964217,55.88752196836556,0.0,0.0
172.0,41.51162790697675,34.76744186046511,0.0,0.0,0.0,23.72093023255814
173.7,20.552677029360968,0.0,0.0,0.0,79.44732297063904,0.0
115.65,0.0,0.0,65.36964980544747,21.78988326848249,12.84046692607004,0.0
70.80000000000001,0.0,0.0,100.0,0.0,0.0,0.0
233.45,0.0,0.0,31.6127650460484,40.73677446990791,27.6504604840437,0.0
229.15,28.583897010691683,14.38795548767183,10.015273838097317,26.663757364171943,17.12851843770456,3.2205978616626654
665.59,17.353025135593985,17.1126369086074,21.094066918072688,30.339999098544148,9.457774305503388,4.64249763367839
317.5,37.93700787401575,0.5984251968503937,21.60629921259843,5.622047244094489,34.23622047244095,0.0
95.5,24.921465968586386,0.0,39.58115183246073,0.0,35.49738219895288,0.0
286.95,6.935006098623453,26.2066562118836,8.154730789336122,17.354939884997385,20.07318348144276,21.275483533716677
313.42,0.0,33.04192457405398,9.98659945121562,31.204135026482028,11.8690574947355,13.89828345351286
136.05,26.05659683939728,22.932745314222714,7.423741271591328,43.586916574788674,0.0,0.0
74.25,21.41414141414141,10.505050505050503,0.0,68.08080808080807,0.0,0.0
933.32,7.467963828054687,0.0,37.38267689538422,17.400248574979642,29.39184845497793,8.357262246603524
1399.7,17.003643637922412,10.124788645185872,9.59610392703198,8.5682646281346,39.93379533709604,14.773403824629089
179.35,0.0,15.751324226373017,18.84583217173125,20.407025369389466,44.995818232506274,0.0
185.045,28.73625334378124,4.158447945094436,17.644356778081004,8.484422707989948,28.35796698100462,12.618552244048743
871.48,4.561206223894984,10.650846835268736,39.897645384862535,13.233809152246751,0.5679992656171111,31.08849313810988
214.74,30.87454596255937,8.77340039117072,10.757194747136072,17.462978485610506,10.477787091366302,21.654093322157024
389.8333333333333,0.0,11.474989311671656,21.65027789653698,19.794784095767422,20.56434373663959,26.515604959384355
110.18,0.0,8.713015066255219,2.3143946269740425,81.25794155019061,7.714648756580142,0.0
479.0,0.0,3.549060542797495,77.34864300626305,10.960334029227557,0.0,8.1419624217119
309.48,10.98617035026496,3.2570763861961995,42.84606436603335,21.423032183016677,4.798371461806902,16.68928525268192
373.625,53.79056540649047,25.212445633991297,4.4161927065908335,10.558715289394446,6.022080963532954,0.0
1056.63,7.036521772048872,23.281564975440787,8.517645722722241,24.439018388650705,15.880677247475464,20.84457189366192
311.19,5.109418683119637,16.504386387737398,0.0,24.062469873710597,42.27320929335776,12.050515762074616
111.8,0.0,58.76565295169945,21.10912343470483,20.125223613595708,0.0,0.0
128.22000000000003,0.0,1.9653720168460451,58.96116050538137,19.419747309312115,0.0,19.653720168460456
368.35,26.849463825166275,23.157323198045333,14.089860187321843,11.44292113479028,21.691326184335548,2.7691054703407083
348.49,10.24419639014032,17.45817670521392,0.0,24.62050560991707,9.455077620591696,38.22204367413698
229.0666666666667,14.275320139697325,3.911525029103608,11.90337601862631,50.74505238649592,19.164726426076832,0.0
739.01,0.0,12.822559911232595,11.833398736147007,28.456989756566216,36.251200930975216,10.635850665078957
1055.22,18.62170921703531,7.471427759140274,30.135895832148744,29.10104054130892,13.722256970110497,0.94766968025625
559.85,31.73171385192462,9.35964990622488,23.93498258462088,12.48548718406716,21.60400107171564,0.8841654014468162
785.65,40.69242028893273,15.738560427671356,16.648634888309044,3.201171004900401,21.68268312861962,2.036530261566856
226.61,13.106217730903314,26.212435461806628,7.148846035038171,8.15497992145095,38.01685715546534,7.360663695335599
407.03,9.753580817138786,26.504188880426504,11.866447190624768,20.993538559811316,12.529788959044788,18.35245559295384
344.88,0.0,0.0,29.22755741127349,0.0,70.77244258872652,0.0
101.2,0.0,14.82213438735178,15.118577075098813,47.826086956521735,22.233201581027668,0.0
259.90333333333336,7.849072090905593,21.861974323787045,24.650190455425737,20.57175103564145,23.162457836888077,1.9045542573520924
429.4,2.7713088029809034,31.25291103865859,31.53237074988356,1.199347927340475,33.24406148113647,0.0
109.3,63.76944190301922,0.0,0.0,36.23055809698078,0.0,0.0
415.265,12.895380058516851,0.0,18.81930815262543,28.68048113855009,38.43088148531661,1.17394916499103
319.81333333333333,5.388559993329442,5.242641540898857,14.852413908113066,19.572875844242475,51.73851413324439,3.2049945801717667
184.37,16.976731572381624,2.565493301513261,53.804848945056136,4.067906926289527,22.58501925475945,0.0
145.4,10.9353507565337,4.6767537826685,53.02613480055021,26.20357634112792,3.4044016506189823,1.7537826685006876
290.95,5.84292833820244,6.85684825571404,4.485306753737756,1.959099501632583,28.561608523801347,52.29420862691184
198.165,3.0025483813993388,22.640224055711148,38.45280448111421,28.587288370802103,2.245603411298665,5.071531299674514
360.06,16.49725045825696,0.0,4.249291784702549,0.0,50.92484585902351,28.328611898017
304.34000000000003,0.0,9.824538345271732,11.631727672997307,4.928698166524281,73.61503581520668,0.0
85.32499999999999,8.145326692059774,0.0,0.0,61.17784939935541,30.676823908584826,0.0
391.5,0.0,2.6053639846743293,24.52107279693487,50.65134099616858,13.79310344827586,8.42911877394636
450.92,41.19355983322984,13.59886454359975,23.01960436441054,9.580413377095716,9.081433513705312,3.52612436795884
110.7,0.0,0.0,92.14092140921407,0.0,0.0,7.8590785907859075
224.34500000000003,19.74637277407564,7.432748668345628,4.501994695669616,25.627939111636096,14.887784439145063,27.803160311127943
285.21500000000003,30.608488333362548,16.343810809389403,16.99595042336483,4.65438353522781,29.31122135932542,2.086145539329979
102.66,16.55951685174362,20.85525034093123,39.79154490551335,3.214494447691409,19.5791934541204,0.0
1099.26,12.976911740625512,28.641085821370737,12.922329567163365,31.43751250841475,7.032003347706641,6.990157014718994
214.2,100.0,0.0,0.0,0.0,0.0,0.0
163.49,0.0,19.0776194262646,10.82635023548841,0.0,70.09603033824699,0.0
201.6,0.0,0.0,0.0,0.0,0.0,100.0
910.14,1.7469839804865186,45.91271672489947,16.41505702419408,19.46843342782429,6.284747401498671,10.172061441096975
197.735,2.1366981060510275,16.782562520545174,0.8850228841631477,44.06781803929501,41.07138341719978,0.0
35.150000000000006,28.30725462304409,0.0,71.6927453769559,0.0,0.0,0.0
111.8,20.39355992844365,0.0,7.55813953488372,10.778175313059036,56.84257602862254,4.427549194991056
363.6,15.346534653465344,7.013201320132014,45.13201320132013,12.376237623762377,16.5016501650165,3.63036303630363
358.82,10.68781004403322,9.982721141519423,28.537985619530687,28.454378239785967,7.45499136057076,14.882113594559945
121.05,5.5762081784386615,28.08756712102437,10.532837670384138,8.59149111937216,22.8004956629492,24.411400247831477
167.09,34.32282003710575,8.881441139505656,11.161649410497338,30.13346100903704,15.500628403854208,0.0
791.885,6.146725850344431,8.213313801877797,13.988773622432552,33.63745998472,12.912228417004997,25.101498323620223
219.4,10.87055606198724,8.135824977210575,8.06745670009116,10.80218778486782,39.97265268915224,22.15132178669097
169.46,0.0,7.084267673787324,48.66930249026319,25.348164758645105,16.655847987725718,2.242417089578661
117.67000000000002,7.839721254355399,7.249086428146512,4.567859267442849,28.184753972975265,41.00450412169626,11.1540749553837
353.2945454545454,31.80580715550249,9.910350364362468,12.029622462843264,27.73889414961505,6.678692000494052,11.836633867182677
147.06,21.89582483340133,3.875968992248061,22.813817489460085,35.502515979872165,15.91187270501836,0.0
30.0,0.0,0.0,0.0,50.0,50.0,0.0
1016.95,2.4534146221544813,9.356408869659274,9.680908599242834,36.6242194798171,28.87555927036728,13.009489158759036
262.84666666666664,11.908083293174728,0.0,20.886702006239386,21.8986988611865,36.39637811651914,8.910137722880261
210.24,0.0,21.59436834094368,30.845700152207005,39.71651445966514,7.134703196347032,0.7087138508371384
230.66,37.240960721408136,8.501690800312147,13.504725570103185,19.07569582935923,15.325587444723835,6.351339634093471
148.25,40.85441259134345,17.852726250702645,6.183249016301293,10.196739741427768,20.685778527262507,4.227093872962338
466.968,0.0,22.75273680423498,9.816518476640796,54.72751880214488,7.752137191413544,4.951088725565777
650.1,35.76372865712968,26.949700046146745,18.827872634979236,18.458698661744343,0.0,0.0
333.37,21.56762756096829,2.5497195308516063,9.733929267780544,51.07538170801212,12.52362240153583,2.5497195308516063
163.2,0.0,0.0,100.0,0.0,0.0,0.0
223.67666666666665,54.93048000834538,21.40738864134241,4.083274965351773,8.610643339343994,2.756955724781306,8.211257320835134
293.15000000000003,0.0,0.0,22.41173460685656,16.987890158621862,60.60037523452158,0.0
272.2,10.6539309331374,8.431300514327699,22.70389419544453,25.955180014695078,22.96105804555474,9.29463629684056
217.26,17.076314093712604,7.138911902789285,22.530608487526468,14.199576544232716,32.01233545061217,7.042253521126761
149.41,18.03761461749548,9.102469714209224,14.055284117528949,48.22970350043504,10.574928050331303,0.0
422.7000000000001,30.092264017033354,0.0,0.0,0.0,69.90773598296663,0.0
97.8,0.0,0.0,0.0,100.0,0.0,0.0
357.01,26.721940561889024,11.361026301784264,4.9578443180863285,39.21458782667152,17.744600991568866,0.0
299.35,0.0,9.65425087689995,25.05428428261233,29.69767830298981,20.795055954568227,14.79873058292968
174.4,9.11697247706422,0.0,42.28784403669725,18.061926605504585,30.533256880733944,0.0
364.92,0.0,3.978954291351529,28.36238079579086,20.552449852022363,22.402170338704373,24.70404472213088
192.6575,20.788186289140054,7.371890531123886,13.729026900068774,15.944097686308606,42.16679859335868,0.0
268.6,19.210722263588977,3.164556962025316,0.0,58.19061801935963,7.259865971705137,12.174236783320923
147.20000000000002,5.77445652173913,9.95244565217391,54.5516304347826,1.324728260869565,0.0,28.396739130434774
209.08,0.0,22.23072508130859,27.97972068107901,15.496460684905298,15.639946431987756,18.65314712071934
127.08,24.07932011331445,31.381806735914385,20.656279508970727,17.980799496380236,5.901794145420207,0.0
300.74,35.67865930704263,11.830817317284032,12.868258296202695,13.486732725942671,26.135532353527964,0.0
290.51,3.425011187222471,12.650166947781488,8.12364462496988,32.239854049774536,43.56132319025163,0.0
135.9,10.927152317880797,17.218543046357617,18.543046357615893,21.854304635761583,0.0,31.456953642384107
313.49,5.071932119046859,20.97036588088934,35.53542377747297,16.045168904909247,10.271460014673517,12.105649303008068
778.35,6.378878396608209,4.914241665060705,34.07978415879745,13.443823472730774,1.4453651956060898,39.73790711119676
278.125,3.0561797752808992,15.262921348314606,37.3752808988764,16.035955056179777,8.206741573033709,20.062921348314607
179.1,7.537688442211056,4.327191513121162,14.684533780011169,37.68844221105528,20.770519262981576,14.991624790619763
419.3833333333334,24.14259031117116,41.77562293844135,24.321424313476133,0.0,1.0133926797281725,8.746969757183166
883.9,21.161896142097525,8.7905871704944,17.40015838895803,27.374137345853605,14.14752800090508,11.125692951691368
606.5075,19.46492829849589,1.6487842277300775,33.24897054034781,29.254378552614764,6.70045300346657,9.68248537734488
169.83700000000002,22.4097222631111,22.92668853076773,11.702397004186366,20.84881386270365,13.792636469085062,8.319741870146082
403.61,7.878892990758405,8.978964842298257,11.075047694556629,21.92710785163896,20.068878372686505,30.071108248061247
390.97,12.686395375604263,42.75519860858889,5.486354451748215,19.10888303450392,6.880323298462798,13.0828452310919
258.95,0.0,25.19791465533887,15.60146746476154,47.61536976250241,11.585248117397182,0.0
383.93,14.937618836767118,28.606777277107803,10.9134477639153,26.749667908212437,18.792488213997345,0.0
177.32666666666668,0.0,9.319899244332492,4.7370201887289,43.08432647843904,42.858754088499566,0.0
236.175,13.369323594791997,28.79750185243992,2.4981475600719807,16.793691118873713,14.623690060336614,23.91764581348576
292.64000000000004,0.0,0.0,32.46309458720612,17.304537998906508,50.23236741388737,0.0
1076.94,31.088082901554404,12.769513621928796,0.0,15.989748732519915,32.10763830854086,8.045016435456013
126.5,30.59288537549407,16.126482213438734,27.43083003952569,0.0,11.857707509881422,13.992094861660082
269.13,0.0,3.9014602608404862,5.684984951510423,31.761602199680457,8.360271987515327,50.291680600453326
193.6,10.278925619834707,9.297520661157026,19.214876033057852,10.227272727272728,10.072314049586776,40.909090909090914
102.0,0.0,0.0,0.0,0.0,100.0,0.0
144.77,13.74594183877875,16.799060578849208,8.461697865579884,13.158803619534435,40.96152517786834,6.872970919389375
417.81,16.99337019219262,22.05787319595031,17.711399918623297,23.034393623896037,19.111557885163112,1.091405184174625
283.77,9.461888148852944,41.67459562321599,0.0,32.350142721217885,0.0,16.513373506713183
300.87,32.505733373217666,32.93448997906073,3.39016851131718,17.509223252567555,13.660384883836873,0.0
260.83,43.03569374688495,14.066633439404978,11.233370394509835,18.18234098838324,7.68699919487789,5.794962235939117
79.91,6.957827556000501,18.570892253785505,49.25541233888124,25.215867851332742,0.0,0.0
571.0,0.0,0.0,70.88441330998249,22.15411558669002,0.0,6.961471103327496
481.09,12.149493857698143,0.6859423392712384,24.927768193061592,7.093267372009396,55.14352823795964,0.0
186.92,0.0,35.05242884656537,47.34645837791569,17.60111277551894,0.0,0.0
39.75,100.0,0.0,0.0,0.0,0.0,0.0
210.25,4.708680142687277,33.95957193816885,33.10344827586207,13.79310344827586,0.0,14.435196195005943
325.02,0.0,40.74210817795828,1.9383422558611785,28.15211371607901,21.55251984493262,7.614916005168913
156.19,10.884179524937576,7.516486330751008,33.22875984378001,5.66617581151162,37.71048082463667,4.993917664383123
585.53,11.32307482110225,7.506020186839274,25.82275886803409,15.216982904377227,19.870886205659836,20.260277013987327
92.14,40.47102235728241,13.837638376383762,0.0,45.69133926633384,0.0,0.0
122.1,0.0,38.32923832923832,28.992628992628998,14.25061425061425,18.42751842751843,0.0
571.5,8.661417322834646,0.0,69.02887139107612,4.811898512685914,7.874015748031496,9.623797025371829
265.565,6.40144597367876,27.914070001694498,9.715135654171297,15.160130288253344,28.119292828497738,12.689925253704368
297.095,0.0,18.30222656052777,10.451202477322068,8.54103906157963,33.56502128948653,29.140510611083997
710.16,8.814914948743946,22.55266418835192,13.912357778528785,30.816998986143968,13.602568435282189,10.300495662949196
201.75,15.762081784386616,3.866171003717472,41.63568773234201,7.434944237918216,16.05947955390335,15.24163568773234
306.18,33.31373701744072,16.715657456398198,7.642563198118752,31.87667385198249,10.451368476059834,0.0
222.925,2.2316922731860487,23.079511046316025,3.969945048783224,43.1983851070988,16.956375462599528,10.564091062016372
191.635,33.383776450022175,1.3045633626425237,51.80421113053462,7.010723510840922,3.913690087927571,2.583035458032197
179.92000000000002,15.45131169408626,1.8341485104490889,24.26078257003112,8.681636282792352,49.772120942641166,0.0
656.7,23.57240749200548,23.29830973047053,15.440840566468708,6.624029237094563,31.06441297396071,0.0
97.5,0.0,10.461538461538462,0.0,55.99999999999999,33.53846153846154,0.0
324.45000000000005,34.2733857296964,23.176144244105405,1.6951764524580055,15.449221759901368,8.753274772692247,16.652797041146552
225.7,35.26805494018609,0.0,7.842268498006205,56.88967656180771,0.0,0.0
335.8,20.25014889815366,35.91423466349017,9.827278141751044,24.478856462179863,9.529481834425251,0.0
379.4566666666667,1.915018842731273,6.648102110912971,19.13261944710419,59.32078322513769,10.11534035506909,2.868136019044774
246.375,0.0,100.0,0.0,0.0,0.0,0.0
326.6,42.71279853031231,36.61971830985915,0.0,0.0,20.66748315982853,0.0
305.7,35.09977101733726,9.453712790317304,19.13640824337586,21.589793915603533,14.720314033366048,0.0
606.0500000000001,13.66223908918406,18.356571239996697,14.008745153040175,21.85463245606797,32.11781206171108,0.0
105.54,0.0,4.775440591245025,0.0,0.0,85.27572484366117,9.948834565093804
110.7,0.0,31.16531165311653,33.60433604336043,23.306233062330623,0.0,11.924119241192413
47.15,12.61930010604454,31.70731707317073,0.0,0.0,0.0,55.67338282078473
108.45,5.486399262332872,6.454587367450437,31.21254034117105,32.088520055325034,15.12217611802674,9.635776855693868
414.88,8.520536058619358,20.736116467412263,22.018414963362904,19.704492865406863,11.36473197069032,17.655707674508292
184.23,71.03891874287575,0.0,0.0,27.617651848233187,1.34342940889106,0.0
279.85,6.378417009112024,12.14936573164195,52.5281400750402,5.3600142933714485,16.79471145256387,6.789351438270501
13.44,0.0,100.0,0.0,0.0,0.0,0.0
216.34,10.908754737912544,8.038273088656744,11.717666635850977,16.108902653231024,46.87066654340391,6.3557363409448095
990.17,10.74057990042114,24.321076178837977,11.543472333033725,23.15258995929992,24.177666461314725,6.06461516709252
219.25666666666663,16.0770482083403,15.54798789850556,30.07890296000122,22.27222281344543,14.564361402921994,1.4594767167855025
875.22,38.561733049976006,0.0,61.43826695002399,0.0,0.0,0.0
150.06,29.121684659469548,48.55391176862588,0.0,16.660002665600427,0.0,5.664400906304145
174.02,0.0,0.4827031375703942,34.99597747385358,11.653832892770946,38.38639236869325,14.481094127111827
177.26,9.59043213358908,0.0,14.216405280379108,31.34378878483584,33.84858400090263,11.000789800293354
215.4,0.0,4.735376044568245,35.0974930362117,60.16713091922005,0.0,0.0
2497.18,0.0,4.474647402269761,13.468192120712164,23.261639128937443,41.41431534771222,17.38120600036842
383.52,6.648936170212766,23.513767209011263,35.08291614518148,18.8360450563204,14.58854818523154,1.3297872340425532
420.405,25.71330026997776,6.60791379740964,14.628750847397152,24.785623386972087,28.26441169824336,0.0
320.22,31.11923052901131,20.17987633501968,15.020923115358196,16.301292861157954,4.68427955780401,12.694397601648866
135.32999999999998,29.409591369245547,10.83277913249095,11.56432424443952,21.1483041454223,27.04500110840169,0.0
428.8200000000001,3.369712233571194,0.5946551000419755,23.471386595774447,10.918334032927568,52.5395270742969,9.1063849633879
225.0,0.0,0.0,0.0,63.33333333333333,0.0,36.66666666666666
380.4166666666667,10.427163198247536,1.1566265060240963,18.32201533406353,38.79956188389924,19.46549835706462,11.829134720700988
696.0,2.8591954022988504,12.456896551724135,19.35344827586207,41.72413793103448,23.60632183908046,0.0
261.6933333333333,22.456310184949302,2.9525653436592454,7.687114688948898,6.273246038620268,49.03321954450503,11.59754419931727
254.4,6.682389937106918,1.6509433962264155,63.18789308176102,14.091981132075473,8.549528301886793,5.837264150943397
148.5,34.81481481481482,16.673400673400675,29.276094276094284,12.838383838383836,6.397306397306397,0.0
378.53,12.601379018836024,8.995324016590493,33.630095368927165,39.99154624468338,4.781655350962936,0.0
116.225,45.81630458163046,20.88621208862121,0.0,0.0,31.103463110346315,2.194020219402022
499.52,0.0,24.227258167841125,37.33083760409994,7.072789878283152,16.840166559897504,14.528947789878286
299.03000000000003,8.912149282680666,22.27201284152091,32.23756813697622,19.70705280406648,12.958566030164196,3.912650904591512
1040.105,7.078612255493436,14.15914739377274,32.5495983578581,30.3825094581797,10.962835482956049,4.8672970517399685
468.16,0.0,57.32762303485988,35.43126281613124,4.998291182501709,0.0,2.2428229665071773
783.11,8.868485908748452,19.414897013190995,21.938169605802507,26.85701880961806,11.831032677401645,11.090395985238343
372.5,10.107382550335572,1.3691275167785235,37.61073825503357,14.093959731543624,34.20134228187919,2.61744966442953
195.45,10.437452033768228,27.203888462522382,9.976976208749042,17.600409311844462,25.709900230237917,9.071373752877976
196.45,9.74802748791041,19.19063374904556,20.09417154492237,38.02494273351999,12.94222448460168,0.0
324.45000000000005,41.47018030513176,7.859454461396208,25.150254276467862,0.0,25.52011095700416,0.0
392.34,0.0,7.707600550542897,4.511393179385228,56.88943263495947,22.480501605750117,8.411072029362288
308.37,10.312287187469598,29.41920420274345,22.08386029769433,23.640431948633136,14.54421636345948,0.0
325.06666666666666,5.055373256767842,9.844134536505331,3.876127973748975,57.10623461853979,24.118129614438065,0.0
402.025,3.805733474286425,6.193644673838691,42.310801567066726,13.923263478639386,13.469311609974502,20.297245196194265
133.22,0.0,15.328028824500828,41.210028524245615,19.629184807086023,2.814892658759946,21.0178651854076
523.86,16.521589737716184,8.85732829381896,15.977551254151871,24.92268926812507,4.295040659718246,29.42580078646967
87.5,0.0,0.0,0.0,14.914285714285713,73.42857142857143,11.657142857142857
230.718,32.31217330247315,30.203105089329828,4.533673142104214,3.1033556116124448,19.377768531280616,10.469924323199752
193.23,14.386999948248205,16.912487708947886,6.520726595249187,32.29312218599596,29.88666356155877,0.0
189.92,3.132898062342039,15.464406065711875,26.458508845829822,23.457245155855095,22.95703454085931,8.529907329401853
128.03,7.771616027493556,15.58228540185894,14.137311567601344,33.19534484105288,23.11958134812153,6.193860813871749
16.21,0.0,57.18692165330042,0.0,42.81307834669956,0.0,0.0
570.8000000000001,27.57533286615277,10.47477224947442,11.615276804484932,32.20042046250875,5.439733707077785,12.694463910301332
128.55,30.105017502917157,10.346168805912097,4.589653831194088,44.14624659665499,4.9786075457020615,5.8343057176196025
293.485,2.0273608531952227,47.58505545428216,8.543877881322725,11.772322265192429,0.0,30.071383546007457
193.9,0.0,4.383702939659618,40.38164002062919,20.268179473955644,24.90974729241877,10.056730273336772
384.3,31.030444964871197,21.394743689825656,15.00130106687484,8.776997137652874,20.036429872495447,3.760083268279989
67.24000000000001,0.0,27.126710291493158,0.0,72.87328970850683,0.0,0.0
320.15,20.630954240199905,16.117444947680777,4.779009839137904,55.28658441355615,0.0,3.1860065594252696
346.14,0.0,33.59912174264748,2.9467845380481883,42.08990581845496,21.36418790084937,0.0
257.0,16.245136186770427,5.661478599221789,31.225680933852143,22.93774319066148,13.13229571984436,10.797665369649806
270.005,42.83254013814559,2.870317216347845,24.45325086572471,19.61259976667099,6.444325105090647,3.786966908020221
169.95,14.033539276257724,23.624595469255663,11.179758752574289,26.81671079729332,23.84524860253016,0.5001471020888497
105.72,0.0,20.26106696935301,11.918274687854712,25.25539160045403,42.56526674233825,0.0
1319.095,14.345062334403512,8.682467904131242,34.264021924122225,31.113376974365,4.885925577763542,6.709145285214484
413.57,6.238363517663274,22.049471673477285,15.390381313925092,13.903329545179776,14.32647435742438,28.0919795923302
264.69,0.0,17.37126449809211,18.49333182213155,30.28070573123276,25.954890626770943,7.89980732177264
361.7,13.726845452032071,13.478020458943876,35.83079900470004,15.205971799834115,18.855405031794305,2.9029582526956044
214.08,10.837070254110612,51.79372197309418,4.320814648729447,2.3589312406576983,26.135089686098656,4.554372197309418
79.6,0.0,0.0,0.0,0.0,0.0,100.0
46.85,0.0,0.0,36.28601921024546,0.0,32.017075773745994,31.696905016008543
2502.0950000000003,14.26154882208709,6.136457648490564,25.57326960007514,24.2485796902196,9.511329505874077,20.26881473325353
424.85,0.0,4.80169471578204,35.49488054607508,20.26597622690361,9.144403907261388,30.29304460397788
156.65,21.321417172039578,0.0,33.89722310884137,33.48228534950527,11.29907436961379,0.0
378.165,7.880158132032313,9.499821506485263,27.17067946531276,25.081644255814258,11.56902410323536,18.79867253712004
194.186,19.61521427909324,17.482207780169528,13.5849134335122,33.30724151071652,4.892216740650715,11.288146416322494
710.0,6.704225352112676,5.985915492957746,37.352112676056336,35.87323943661972,2.746478873239437,11.338028169014084
223.7,12.44970943227537,5.319624497094322,9.789897183728208,4.626732230666071,58.42646401430487,9.387572641931158
205.86,16.904692509472454,18.30855921500048,28.56310113669484,15.019916448071502,21.203730690760715,0.0
402.32,20.99075362895208,10.041757804732551,8.798965997216147,25.141678266056864,0.0,35.02684430304235
104.25,0.0,61.15107913669065,0.0,0.0,38.84892086330935,0.0
75.78,0.0,0.0,36.817102137767215,19.79414093428345,0.0,43.38875692794932
437.605,24.53696827047223,1.1517235863392783,5.758617931696394,9.117811725185955,59.43487848630616,0.0
471.7733333333333,31.58296357007603,5.1762145663171575,11.58041997569454,12.823955006641608,38.83644688127068,0.0
327.40000000000003,0.0,9.529627367135005,10.812461820403175,79.65791081246182,0.0,0.0
721.32,19.568291465646315,15.107026007874452,18.25126157599956,31.94144069206455,15.131980258415128,0.0
263.25,6.799620132953466,6.419753086419752,22.905982905982903,18.499525166191837,31.680911680911684,13.694207027540358
235.21,6.759916670209599,19.1573487521789,34.75617533268143,17.059223672462906,13.147825347561753,9.119510224905405
587.66,2.7056461219072254,0.0,40.58469182860839,17.816424463124935,9.069870333185856,29.823367253173604
214.77,0.0,31.89458490478186,14.643572193509335,40.75057037761326,8.241374493644365,4.46989803045118
246.72,11.186770428015564,18.162289234760053,23.690823605706875,27.950713359273667,16.65856031128405,2.350843060959793
302.2,7.213765718067505,6.750496360026473,11.482461945731306,10.999338186631372,32.7796161482462,30.774321641297156
346.67,24.158421553638902,23.13150835088124,5.32206421092105,33.888135691002965,5.711483543427467,7.7883866501283645
625.04,0.0,0.0,59.26660693715603,40.73339306284398,0.0,0.0
301.24,39.503386004514674,0.0,19.419731775328643,8.976231576151905,25.627406718895237,6.473243925109546
842.13,5.949200242242884,11.565910251386365,20.537209219479177,24.35253464429482,21.17250305772268,16.42264258487407
242.585,9.769771420326895,28.97334954758126,6.812045262485314,27.581054063524128,6.312220458808253,20.551559247274152
230.74,0.0,7.367599895986824,3.3154199531940707,61.38944266273728,0.0,27.92753748808182
365.27,36.67150327155256,4.172256139294221,3.723273195170696,27.39891039505024,13.209406740219563,14.824650258712731
169.97500000000002,10.22209148404177,10.50154434475658,35.181644359464634,13.94322694513899,30.151492866598023,0.0
202.5,100.0,0.0,0.0,0.0,0.0,0.0
230.4,0.0,8.854166666666668,35.41666666666667,38.54166666666667,17.187500000000004,0.0
63.77,0.0,0.0,55.51199623647484,21.20119178297005,0.0,23.28681198055512
35.400000000000006,0.0,0.0,100.0,0.0,0.0,0.0
404.81,10.91046828553313,22.0465568208954,15.636965489982956,28.227234175703824,15.908697907660382,7.270077320224301
477.59,14.23815406520237,3.534412362067882,20.195146464540716,32.77706819657028,25.000523461546518,4.254695450072237
353.135,60.60713324932391,0.0,19.496793011171366,19.89607373950472,0.0,0.0
970.94,22.30141237700922,3.916479562760486,26.63055046312508,8.79216704087448,32.62302510968752,5.736365446543212
97.31,8.169766724899805,13.102456068235536,26.050765594491832,43.58236563559757,9.094645976775254,0.0
326.4,0.0,0.0,100.0,0.0,0.0,0.0
294.65,44.45952825386051,26.522993381978612,11.199728491430513,6.719837094858307,5.09078567792296,6.007127099949094
186.88,6.902825342465754,2.4347174657534243,24.64148116438356,9.36429794520548,37.26990582191782,19.386772260273972
1167.41,11.504098817039427,6.833074926546799,27.625255908378374,31.68552607909817,13.491404048277811,8.860640220659407
223.4,0.0,0.0,39.61504028648165,53.26768128916741,0.0,7.11727842435094
1945.68,9.292381069857324,23.40981045187287,11.628325315570908,18.84996505077916,9.055959870071131,27.763558241848614
388.4966666666666,14.71055092707788,10.549211061441968,15.461308119331784,23.637268445031705,28.859106470239983,6.78255497687668
472.065,7.202397974855159,17.010369334731447,13.377395062120684,43.12965375530912,7.721394299513838,11.558789573469754
182.33,8.158284429331433,10.40969670377886,42.53277025174136,20.759063236987878,16.083475017824824,2.056710360335655
118.88,15.057200538358009,2.860026917900404,28.68438761776581,13.315948855989234,35.9185733512786,4.163862718707941
1777.89,15.7940030035604,17.438086720775754,14.843438007975749,27.57088458791038,11.41802923690442,12.935558442873294
177.15,19.05165114309907,14.648602878916172,19.983065198983915,9.822184589331076,0.0,36.494496189669775
201.94,10.795285728434187,25.794790531841144,15.27681489551352,40.70515994849956,7.427948895711597,0.0
1416.025,8.25020744690242,6.4349146378065365,45.4686534489151,19.73888172878304,5.857947423244646,14.249395314348265
204.0,0.0,0.0,0.0,0.0,100.0,0.0
160.73000000000002,5.288371803645865,21.389908542275865,7.839233497169165,16.145088035836494,49.33739812107261,0.0
479.35,21.633461979764263,20.402628559507665,0.0,0.0,29.91551058725357,28.048398873474493
124.1,4.794520547945206,4.794520547945206,18.614020950846093,30.70104754230459,41.09589041095891,0.0
607.21,0.9798916355132492,21.098137382454173,29.05913934223745,24.40671266942244,22.01050707333542,2.445611897037269
2913.58,35.80131659333191,10.747602605729034,28.7687312515874,9.179085523651317,6.032441189189932,9.470822836510411
170.55,23.30694810905893,16.739958956317793,17.29698035766637,11.638815596599237,13.192612137203168,17.8246848431545
397.5,0.0,0.0,0.0,0.0,100.0,0.0
39.6,100.0,0.0,0.0,0.0,0.0,0.0
372.82,21.04232605546913,4.861595407971675,11.77511936054933,16.018453945603778,37.618689984442895,8.6838152459632
97.3,0.0,52.41521068859198,44.96402877697842,0.0,2.620760534429599,0.0
315.45,51.54541131716597,48.45458868283405,0.0,0.0,0.0,0.0
111.35,10.709474629546476,17.17557251908397,10.642119443197126,52.13291423439605,1.4593623709025596,7.88055680287382
269.83,14.953859837675576,4.124819330689693,19.586406255790685,15.676537078901532,43.823889115368935,1.8344883815735835
230.1,0.0,0.0,0.0,0.0,100.0,0.0
783.1675,7.324103719830048,87.36668720292914,0.0,0.0,5.309209077240819,0.0
145.20000000000002,10.950413223140496,0.0,65.73691460055096,8.953168044077135,14.359504132231404,0.0
413.79,23.792261775296648,4.350032625244689,8.555064162981223,63.30264143647744,0.0,0.0
162.70000000000002,0.0,17.148125384142592,53.1038721573448,19.606637984019663,4.917025199754148,5.224339274738783
416.165,33.2800692033208,24.72576982687156,3.676426417406557,0.0,38.31773455240109,0.0
