mean,categ_0,categ_1,categ_2,categ_3,categ_4
300.54,0.0,34.837292872828904,23.93691355559992,41.22579357157117,0.0
308.37,10.312287187469598,23.640431948633136,29.41920420274345,22.08386029769433,14.54421636345948
370.80000000000007,10.679611650485436,44.66019417475728,7.766990291262135,36.89320388349514,0.0
298.93,35.96159636035192,9.935436389790253,3.3720268959288124,29.10380356605225,21.62713678787676
222.6,100.0,0.0,0.0,0.0,0.0
127.05,0.0,0.0,15.466351829988191,0.0,84.5336481700118
299.40000000000003,0.0,11.02204408817635,4.408817635270541,84.5691382765531,0.0
741.01,48.049284085235016,12.712379050215244,5.959433745833389,17.165760246150523,16.113142872565824
530.695,41.17242483912605,9.937911606478297,6.39350285945788,16.00731116743139,26.48884952750638
107.16,0.0,14.557670772676373,12.467338559163869,39.5203434117208,33.454647256438975
262.84666666666664,11.908083293174728,21.8986988611865,0.8826438734877115,28.91419585563193,36.39637811651914
118.25,0.0,26.342494714587737,0.0,33.40380549682875,40.25369978858351
95.5,24.921465968586386,0.0,0.0,39.58115183246073,35.49738219895288
144.19,13.2984256883279,50.11789999306471,6.744573132672168,3.953117414522504,25.885983771412725
338.63,61.970292059179634,18.15550896258453,2.510114284026814,17.364084694209016,0.0
126.28,9.42350332594235,68.12638580931264,0.0,1.6629711751662972,20.787139689578712
414.88,18.764462013112222,20.89760894716545,19.097088314693405,24.452853837254143,16.78798688777478
321.39,9.287781200410716,39.35405582003174,5.301969569681695,29.68356202744329,16.372631382432562
385.8,0.0,16.951788491446347,0.0,83.04821150855365,0.0
293.485,14.10634274324071,11.772322265192429,56.22433855222583,17.896996439341024,0.0
101.4,0.0,44.0828402366864,0.0,55.917159763313606,0.0
791.885,14.68331891625678,34.30043503791586,8.213313801877797,23.308308655928577,19.494623588020985
489.6,39.21568627450981,15.890522875816991,6.3725490196078445,35.294117647058826,3.2271241830065365
764.1700000000001,24.72290197207428,20.65770705471296,14.376382218616271,24.26161717942343,15.981391575173062
82.5,0.0,96.66666666666669,3.333333333333333,0.0,0.0
157.09,31.383283468075625,25.552231205041696,12.986186262651984,22.534852632249034,7.543446431981668
460.435,9.26026474963893,25.79082823851358,12.18901690792403,25.899421199517853,26.86046890440562
80.965,18.87852775890817,18.433891187550174,8.219601062187365,26.32310257518681,28.144877416167475
214.77,0.0,43.82362527354844,33.291428039297855,14.643572193509335,8.241374493644365
870.78,0.0,52.09122855371047,26.789774684765383,4.065320746916559,17.053676014607593
230.66,45.3481314488858,19.07569582935923,2.9740743952137345,13.504725570103185,19.097372756438048
354.23,33.029387685966746,23.608954633994863,4.897947661124129,24.08039974028174,14.383310278632528
301.6,48.905835543766585,5.470822281167109,21.734084880636605,11.5053050397878,12.383952254641912
650.1,62.71342870327642,18.458698661744343,0.0,18.827872634979236,0.0
290.51,10.292244673160992,32.239854049774536,5.782933461842966,8.12364462496988,43.56132319025163
361.675,51.35826363447846,0.9124213727794288,5.896177507430704,31.858712932881726,9.974424552429667
236.02,47.686636725701206,23.8411998983137,4.681806626557071,17.265485975764765,6.524870773663249
367.95,18.902024731621143,18.83408071748879,24.32395705938307,23.386329664356573,14.553607827150428
185.32333333333332,25.936651258161408,13.612245265032286,11.203841933917296,13.193157904203463,36.05410363868554
137.35,19.621405169275576,27.084091736439756,53.29450309428467,0.0,0.0
226.61,13.106217730903314,8.15497992145095,31.349013724019244,9.37293146816116,38.01685715546534
721.32,28.62113902290245,31.94144069206455,6.05417845061831,18.25126157599956,15.131980258415128
193.9,0.0,20.268179473955644,4.383702939659618,50.43837029396596,24.90974729241877
201.75,23.643122676579928,7.434944237918216,3.866171003717472,41.63568773234201,23.42007434944238
384.7600000000001,20.81817236718993,30.798419794157397,16.571369165193886,26.00322278823162,5.808815885227155
353.2945454545454,39.1046358433859,27.73889414961505,3.4722508131252834,19.97689283214624,9.707326361727532
402.36,31.190973257779103,27.226861517049407,6.315240083507306,11.792921761606522,23.47400338005766
179.1,46.733668341708544,0.0,0.0,0.0,53.26633165829146
397.5,0.0,0.0,0.0,0.0,100.0
288.5,26.84575389948007,11.23050259965338,0.0,46.37781629116118,15.545927209705374
361.78,25.65094808999945,11.008071203493836,6.814915141798883,39.44386090994527,17.082204654762563
380.4166666666667,10.427163198247536,38.79956188389924,1.1566265060240963,22.317634173055858,27.29901423877328
112.27,24.806270597666337,29.34889106617975,15.070811436715063,20.308185623942283,10.46584127549657
291.34666666666664,0.0,18.93277195551691,44.59292480893323,36.474303235549854,0.0
232.01,32.0460324985992,28.93409766820396,11.283996379466403,17.068229817680276,10.66764363605017
193.6,10.278925619834707,10.227272727272728,9.297520661157026,38.42975206611571,31.766528925619838
101.76,0.0,100.0,0.0,0.0,0.0
187.44666666666663,33.49397161859374,27.815912081658784,10.388732795106163,14.86645090158979,13.43493260305154
279.85,6.378417009112024,5.3600142933714485,15.186707164552438,56.28015008040022,16.79471145256387
204.6625,17.29066145483418,8.794967324253342,1.2459537042692237,72.66841751664326,0.0
198.165,3.0025483813993388,30.479650796053797,22.640224055711148,41.63197335553705,2.245603411298665
218.19,16.22439158531555,19.24698657133691,3.354874192217792,41.236995279343695,19.93675237178606
499.89,31.366900718158,17.68189001580348,15.643441557142571,16.753685810878395,18.554081898017564
223.7,12.44970943227537,4.626732230666071,5.319624497094322,14.148413053196244,63.45552078676799
710.0,6.704225352112676,40.52112676056338,7.183098591549296,40.098591549295776,5.492957746478874
2171.555,9.631347122223476,21.21475164110511,13.159464070677464,17.54157734895041,38.45285981704355
459.0,0.0,29.030501089324616,14.422657952069716,55.46840958605664,1.0784313725490196
325.76,8.042730844793713,21.402259332023576,24.524189587426328,31.48023084479371,14.550589390962672
861.585,54.43165793276346,27.6885043263288,10.828879332857465,2.924842006302338,4.126116401747941
242.585,9.769771420326895,33.32852402250758,38.47517365047303,9.022610631325104,9.403920275367398
894.57,13.397498239377576,32.12716724236225,4.507193400181092,49.96814111807908,0.0
230.4,0.0,38.54166666666667,8.854166666666668,35.41666666666667,17.187500000000004
417.25,24.44577591372079,19.37687237866986,0.0,56.17735170760935,0.0
283.5,69.22398589065256,6.137566137566137,0.0,21.85185185185185,2.7865961199294533
185.0,0.0,0.0,0.0,100.0,0.0
399.8,12.418709354677338,38.08154077038519,14.25712856428214,30.990495247623816,4.252126063031516
407.014,13.181364768779453,26.658542457998983,3.994948576707436,21.679843936572208,34.48530025994192
681.0,67.6798825256975,6.1233480176211454,3.0837004405286343,18.311306901615275,4.801762114537445
297.095,45.7261145424864,8.54103906157963,1.7166226291253637,10.451202477322068,33.56502128948653
97.8,0.0,100.0,0.0,0.0,0.0
130.85,28.238440962934664,37.37103553687429,0.0,14.902560183416124,19.48796331677493
299.49,7.345821229423352,28.738856055294,28.68877091054793,29.34989482119603,12.521286186517075
97.5,0.0,55.99999999999999,10.461538461538462,0.0,33.53846153846154
223.4,7.11727842435094,53.26768128916741,0.0,39.61504028648165,0.0
320.08,0.0,37.64058985253686,14.2464383904024,0.0,48.112971757060734
396.43,30.383674293065603,11.729687460585728,9.852937466892012,12.082839341119492,35.950861438337164
300.7,13.169271699368142,36.015962753575,9.610907881609576,25.340871300299305,15.862986365147991
202.5,100.0,0.0,0.0,0.0,0.0
105.72,0.0,25.25539160045403,20.26106696935301,11.918274687854712,42.56526674233825
346.08,13.60957004160888,6.303937432578209,10.439782709200184,30.253120665742028,39.3935891508707
115.8,0.0,24.352331606217614,75.64766839378238,0.0,0.0
300.46,6.623177794049124,30.95253943952606,2.3164481128935632,50.82207282167344,9.28576183185782
453.76,42.25802186177715,19.67119181946403,0.3746473906911142,21.40999647390691,16.28614245416079
656.75,43.74571754853445,6.851922344880092,0.0,19.573658165207465,29.828701941378
527.85,100.0,0.0,0.0,0.0,0.0
397.96,11.986129259222034,18.469192883706903,22.50477434918082,35.732234395416626,11.307669112473617
316.58,40.24259270958368,30.9874281382273,28.769979152189023,0.0,0.0
606.5075,19.46492829849589,31.047431400271225,1.6487842277300775,41.13840307003623,6.70045300346657
371.8,3.200645508337816,19.298009682625068,14.927380311995698,28.725121032813345,33.84884346422808
767.37,11.71533940602317,39.25225119564226,24.370251638714045,15.474933865019484,9.18722389460104
204.0,0.0,0.0,0.0,100.0,0.0
47.15,44.32661717921527,0.0,0.0,0.0,55.67338282078473
320.22,39.08250577727813,19.58028855162076,12.216601086752858,19.79888826431829,9.321716320029982
161.26,7.565422299392285,26.94096490140146,18.56629046260697,31.90499813965026,15.022324196949029
300.865,7.611387167001811,21.78718029681086,2.5227261396307314,26.07481760922673,42.00388878732986
195.9,13.016845329249616,13.62940275650842,0.0,68.83614088820828,4.517611026033691
572.38,20.109018484223768,31.32184912121318,0.0,21.48922044795416,27.0799119466089
656.7,46.87071722247602,6.624029237094563,0.0,15.440840566468708,31.06441297396071
192.93,8.241331052713418,29.596226610687808,21.81101954076608,32.65433058622298,7.697092209609703
226.57,31.66791719998234,19.1331597298848,7.313413073222404,10.460343381736328,31.42516661517412
197.735,2.1366981060510275,44.06781803929501,16.782562520545174,0.8850228841631477,41.07138341719978
111.25,59.2808988764045,0.0,0.0,27.23595505617978,13.48314606741573
298.25,62.07879295892708,21.72673931265717,0.0,16.194467728415756,0.0
125.2,13.458466453674124,59.90415335463258,21.56549520766773,1.6773162939297124,3.3945686900958463
208.65,8.123652048885694,26.168224299065415,13.850946561226934,25.16175413371675,26.6954229571052
3481.36,11.149378403842178,34.097881287772594,28.419927844290736,12.348622377461682,13.984190086632813
60.0,0.0,0.0,0.0,0.0,100.0
312.95,26.28215369867391,55.88752196836556,6.518613196996325,11.311711135964217,0.0
166.18,54.94042604404863,29.96750511493561,6.065711878685763,0.0,9.026356962330004
76.44,31.33176347462061,12.068288854003145,5.939298796441653,38.85400313971743,11.806645735217163
609.3866666666668,37.1739891475582,7.59780325573254,1.3324873096446697,9.02546823035183,44.87025205671276
129.2,29.64396284829721,34.82972136222911,35.526315789473685,0.0,0.0
382.5,100.0,0.0,0.0,0.0,0.0
344.88,0.0,0.0,0.0,29.22755741127349,70.77244258872652
211.8,33.711048158640224,21.246458923512744,9.631728045325778,0.0,35.41076487252124
1167.41,14.78058265733547,35.40144422268097,4.152782655622275,32.173786416083466,13.491404048277811
347.56,0.0,43.11198066520889,7.515249165611692,31.936931752790887,17.43583841638854
413.05,24.06488318605496,21.769761530081094,16.530686357583825,12.85558649073962,24.77908243554049
91.15,35.820076796489296,0.0,0.0,64.1799232035107,0.0
92.82,0.0,32.32062055591467,16.289592760180998,19.06916612798966,32.32062055591467
207.74,4.091653027823241,15.206508135168962,12.250890536247232,56.17598921729085,12.27495908346972
196.45,18.070755917536268,38.02494273351999,10.8679053194197,20.09417154492237,12.94222448460168
101.925,69.31567328918324,17.071376011773364,0.0,0.0,13.612950699043411
471.3,0.0,67.6639083386378,26.98917886696372,5.346912794398473,0.0
169.97500000000002,17.723194587439327,13.94322694513899,3.000441241359023,35.181644359464634,30.151492866598023
476.48,13.26393552719946,18.938885157824043,18.435191403626597,14.858965748824712,34.503022162525184
177.26,9.59043213358908,31.34378878483584,0.0,25.21719508067246,33.84858400090263
354.54,7.192418344897614,31.037400575393463,34.86207480115078,9.9847689964461,16.92333728211203
61.2,0.0,0.0,0.0,100.0,0.0
365.73,0.0,33.54933967681076,34.118065239384244,13.124436059388076,19.20815902441692
278.125,16.808988764044944,19.00224719101124,1.510112359550562,45.57303370786517,17.10561797752809
225.0,0.0,100.0,0.0,0.0,0.0
228.625,14.499726626571896,33.95954073264079,5.34609075997813,25.47840349917988,20.716238381629303
390.79,14.57304434606822,19.08953657974871,17.0526369661455,34.903656695411854,14.381125412625709
145.60000000000002,13.135302197802195,27.16346153846153,0.0,27.180631868131865,32.520604395604394
230.74,0.0,81.0826037964809,9.209499869983532,9.70789633353558,0.0
195.45,10.437452033768228,19.125095932463545,27.203888462522382,14.991046303402406,28.242517267843443
123.24,25.8033106134372,7.099967543005518,4.779292437520286,2.0691333982473226,60.24829600778968
330.0,0.0,0.0,0.0,100.0,0.0
110.1,5.404178019981836,16.575840145322434,4.268846503178929,39.23705722070845,34.51407811080836
256.6,39.198493115094834,14.263445050662511,4.117952714990907,16.465315666406863,25.9547934528449
308.8,19.04145077720207,20.3529792746114,0.0,29.436528497409327,31.1690414507772
723.12,0.0,26.42714902090939,8.46332558911384,35.09790906073681,30.01161632923996
185.97,14.948647631338387,11.42657417863096,10.17368392751519,31.72554713125773,31.72554713125773
169.46,0.0,26.0858019591644,7.969432314410479,49.2889177386994,16.655847987725718
195.03,40.71168538173615,27.011229041685898,2.614982310413782,14.895144336768704,14.766958929395477
150.79000000000002,24.968499237349956,12.136083294648182,19.25857152331056,11.903972411963656,31.732873532727638
248.1,43.712212817412336,31.80169286577993,0.0,18.5006045949214,5.985489721886337
214.2,100.0,0.0,0.0,0.0,0.0
329.36,10.323050765120232,20.40320621811999,14.774107359727957,18.490405635171243,36.009230021860574
361.7,17.25186618744816,15.205971799834115,9.952999723527784,38.73375725739564,18.855405031794305
416.165,54.32941261278579,0.0,3.676426417406557,3.676426417406557,38.31773455240109
1001.52,0.0,32.71028037383177,9.837047687514977,21.926671459381737,35.52600047927151
225.7,35.26805494018609,56.88967656180771,0.0,7.842268498006205,0.0
4278.34,6.310858884520632,49.77631511287088,8.307895118200049,22.127741133243266,13.477189751165172
379.75,40.82949308755761,39.69716919025675,0.0,19.47333772218565,0.0
476.76,14.158066951925496,12.584948401711554,27.81273596778253,4.908129876667505,40.53611880191291
214.74,30.87454596255937,17.462978485610506,16.689950637980814,17.62596628480954,17.34655862903977
174.4,9.11697247706422,25.80275229357798,11.811926605504588,20.29816513761468,32.97018348623853
190.34,36.77629505096144,20.636755280025216,14.610696648103394,14.421561416412738,13.554691604497217
360.3966666666667,11.394851968664156,7.436250797732129,2.358512379877727,24.750506386481565,54.05987846724442
884.5475,38.649705075193815,28.09063391168931,0.4098140574700624,1.667519268326461,31.18232768732035
312.98,11.406479647261806,9.58527701450572,0.0,50.18851044795194,28.81973289028053
1314.0,100.0,0.0,0.0,0.0,0.0
331.6,0.0,18.848009650180938,0.0,24.60796139927623,56.54402895054282
87.5,0.0,14.914285714285713,11.657142857142857,0.0,73.42857142857143
744.25,6.933154182062479,24.669129996640912,10.1981860933826,32.56970104131676,25.62982868659725
112.08,27.9710920770878,25.339043540328337,29.826909350463957,9.814418272662383,7.048536759457531
372.82,24.240920551472563,16.018453945603778,4.861595407971675,12.566385923501958,42.31264417145003
416.61,12.649720361969226,29.269580662970164,10.974292503780514,35.512829744845305,11.593576726434796
432.9616666666666,16.106121789072937,26.23865854174927,7.346685811291992,22.96200202481359,27.346531833072213
127.55,39.082712661701294,29.16503332026656,7.996863974911799,23.75539004312035,0.0
320.6,0.0,6.175920149719275,2.6512788521522146,36.05739238927012,55.11540860885839
301.12,8.5846174282678,53.79914984059511,16.54489904357067,0.0,21.07133368756642
270.005,42.83254013814559,20.307031351271277,2.870317216347845,27.545786189144643,6.444325105090647
191.635,33.383776450022175,7.010723510840922,1.3045633626425237,51.80421113053462,6.496725545959767
186.92,0.0,17.60111277551894,35.05242884656537,47.34645837791569,0.0
268.86,0.0,0.0,0.0,0.0,100.0
255.0,16.01960784313726,24.352941176470587,20.862745098039216,24.686274509803923,14.07843137254902
429.4,8.570097810898927,1.199347927340475,25.454122030740567,31.53237074988356,33.24406148113647
1080.22,14.705337801558944,16.521325902748206,2.048965334222041,22.79072781470441,43.9336431467664
783.1675,94.6907909227592,0.0,0.0,0.0,5.309209077240819
680.49,24.77626416258872,35.69633646343076,2.0103160957545296,15.547620097282842,21.969463180943144
393.5033333333333,19.52122387781552,23.903228265749547,2.175331001008039,40.05048665407324,14.349730201353651
35.400000000000006,0.0,28.813559322033893,0.0,71.1864406779661,0.0
162.0,19.62962962962963,36.66666666666666,0.0,43.70370370370371,0.0
389.8333333333333,4.078666096622489,24.540401881145787,14.057289439931594,31.39803334758444,25.92560923471569
1777.89,22.24828307713076,30.685812958057017,14.78606662954401,18.06635956105271,14.213477774215502
102.0,0.0,0.0,0.0,0.0,100.0
283.15,23.89193007239979,27.582553416916827,6.6749072929542645,38.40720466184002,3.4434045558891047
319.71500000000003,0.0,28.6630280093208,15.013371283799632,25.100480115102503,31.223120591777047
487.75,32.516658124038955,23.229113275243463,0.0,25.98667350076884,18.267555099948744
883.9,27.78594863672361,28.668401402873627,4.202964136214503,20.369951351962893,18.972734472225365
166.22,40.45842858861749,47.118276982312594,0.0,12.423294429069909,0.0
311.81,5.452038100125076,40.61126968346108,22.988358295115614,19.434912286328217,11.513421634970015
331.08500000000004,5.1346331002612615,17.759789782080126,11.616352296238125,34.74938459912107,30.739840222299406
215.58,0.0,53.15892012246034,39.74394656276093,7.097133314778736,0.0
587.0150000000001,31.004318458642448,20.44751837687282,7.403558682486816,27.02230777748439,14.122296704513513
248.185,38.38870197634829,18.9072667566533,19.67685395974777,11.291979773153091,11.735197534097548
177.60000000000002,0.0,0.0,0.0,100.0,0.0
477.59,14.23815406520237,35.60794824012228,4.958227768588119,20.195146464540716,25.000523461546518
231.51,22.029285991965796,40.81897110276015,20.62977841129973,16.52196449397434,0.0
642.95,40.85076600046659,14.270160976747803,0.0,32.31977603235088,12.559296990434715
102.0,0.0,0.0,0.0,0.0,100.0
101.2,0.0,47.826086956521735,14.82213438735178,15.118577075098813,22.233201581027668
320.15,20.630954240199905,55.28658441355615,19.303451507106047,4.779009839137904,0.0
92.14,54.30866073366617,45.69133926633384,0.0,0.0,0.0
145.20000000000002,10.950413223140496,8.953168044077135,0.0,65.73691460055096,14.359504132231404
353.225,44.29895958666572,12.86715266473211,7.219194564371151,2.7602802746124997,32.85441290961851
108.45,5.486399262332872,33.24112494236975,7.745504840940526,38.404794836330105,15.12217611802674
136.24,82.17116852613036,3.6699941280093946,3.0020551967116846,8.037287140340576,3.119495008807986
116.225,56.78640567864057,0.0,12.11013121101312,0.0,31.103463110346315
258.75,44.54106280193237,3.864734299516908,6.570048309178745,6.840579710144929,38.18357487922705
307.8,41.32553606237816,38.79142300194932,0.0,19.883040935672515,0.0
336.94,7.063572149344097,38.9149403454621,14.22211669733484,32.231257790704575,7.568113017154389
1034.763333333333,36.94725686066702,22.781376739930867,11.85424042212551,14.935782417235504,13.481343560041104
571.5,8.661417322834646,4.811898512685914,0.0,78.65266841644795,7.874015748031496
128.22000000000003,0.0,19.419747309312115,1.9653720168460451,78.61488067384182,0.0
787.4,0.0,13.33502667005334,0.0,86.66497332994666,0.0
1137.5,28.052747252747256,9.072527472527472,4.43076923076923,15.349450549450552,43.09450549450549
634.065,43.54443156458723,1.675695709430421,9.73717205649263,26.92153012703745,18.121170542452276
208.315,34.971077454816026,8.035907159830066,5.784509036795239,17.641552456616182,33.5669538919425
122.1,0.0,14.25061425061425,38.32923832923832,28.992628992628998,18.42751842751843
163.2,0.0,0.0,0.0,100.0,0.0
285.21500000000003,40.65354206475816,4.65438353522781,8.384902617323773,16.99595042336483,29.31122135932542
331.53,23.56498657738365,32.087593882906525,2.6845232708955447,22.16993937200254,19.49295689681175
171.05,56.67933352820812,9.646302250803858,0.0,28.705057000876938,4.969307220111078
110.35,22.111463525147258,23.017671046669687,1.5405527865881286,38.55913004077934,14.771182600815584
85.32499999999999,8.145326692059774,61.17784939935541,0.0,0.0,30.676823908584826
111.8,58.76565295169945,20.125223613595708,0.0,21.10912343470483,0.0
305.135,5.571304504563554,36.63952021236501,6.282465138381371,20.449964769692105,31.056745374997952
128.645,17.36367523028489,19.509114229080023,6.488786971899413,21.41552333942244,35.222900229313225
739.01,4.566920610005278,30.24316315070161,13.512672358966729,11.833398736147007,39.843845144179376
279.29,13.516416627877833,33.42045902108919,8.521608364066022,17.186437036771814,27.35507895019514
182.78,17.179122442280338,5.788379472589999,4.158004158004157,65.13294671189408,7.741547215231426
214.26,28.28339400728088,17.03537757864277,15.243162512834871,22.332679921590596,17.10538597965089
161.2,41.81141439205956,20.099255583126556,6.327543424317618,21.960297766749385,9.8014888337469
215.01,21.254825356960144,24.724431421794336,0.0,26.324357006650857,27.69638621459467
119.49,19.959829274416265,22.92242028621641,7.448322035316762,42.38848439199933,7.280944012051216
293.37,9.476088216245698,35.262637624842355,37.26352387769711,6.6468964106759385,11.35085387053891
213.75,9.309941520467836,44.44444444444444,10.24561403508772,36.0,0.0
559.85,36.28650531392337,12.48548718406716,4.804858444226132,23.93498258462088,22.48816647316245
302.2,7.213765718067505,10.999338186631372,10.225016545334215,17.339510258107214,54.22236929185971
157.92,32.61144883485309,28.166160081053697,6.325987841945289,20.738348530901725,12.158054711246203
83.7,0.0,17.921146953405017,60.93189964157706,21.146953405017925,0.0
70.92714285714285,19.54722149489416,15.045620254184373,27.480916030534356,25.66013414167456,12.266108078712564
210.25,21.569560047562423,13.79310344827586,31.533888228299645,33.10344827586207,0.0
402.0,52.28855721393034,14.440298507462687,6.26865671641791,12.28855721393035,14.713930348258708
332.18,30.3600457583238,23.445120115599973,15.443434282617858,0.0,30.75139984345837
341.9,37.203860778005264,35.71219654869845,2.98332845861363,10.3539046504826,13.74670956420006
248.16,13.700838168923276,45.1966473243069,8.220502901353964,32.882011605415855,0.0
413.79,23.792261775296648,63.30264143647744,4.350032625244689,8.555064162981223,0.0
872.135,7.157722141640916,35.95888251245507,9.958320672831611,32.999478291778225,13.925596381294175
201.2,16.351888667992046,32.206759443339955,0.0,51.441351888668,0.0
216.4,0.0,27.35674676524954,4.621072088724584,19.824399260628468,48.19778188539741
251.0,48.72509960159363,18.88446215139442,12.191235059760954,20.199203187251,0.0
185.25,0.0,34.97975708502024,0.0,32.712550607287454,32.30769230769231
365.27,51.49615353026529,27.39891039505024,4.172256139294221,3.723273195170696,13.209406740219563
2502.0950000000003,17.60374805912645,27.85076106222985,8.659143637631665,30.226869883038017,15.65947735797402
258.95,4.923730449893802,47.61536976250241,20.274184205445067,15.60146746476154,11.585248117397182
13.44,0.0,0.0,100.0,0.0,0.0
334.30500000000006,21.843825249398,24.01699047277187,2.763943105846457,34.77363485439942,16.60160631758424
285.28000000000003,26.868339876612453,34.61511497476163,9.87801458216489,22.18872686483455,6.449803701626471
235.21,6.759916670209599,17.059223672462906,19.1573487521789,43.87568555758684,13.147825347561753
819.3933333333333,12.017020722648464,27.679014555484137,17.524347281321955,27.776647763792724,15.00296967675272
842.13,12.794936648735945,24.35253464429482,9.7906498996592,24.764585040314444,28.2972937669956
117.18054054054056,22.20735847664034,29.531930400767585,16.316010406672078,21.43100966861023,10.513691047309765
284.6,51.475755446240335,9.381588193956429,0.0,33.169360505973295,5.973295853829937
399.035,0.0,23.04935657273172,23.78738707130954,16.940869848509532,36.22238650744922
106.4,0.0,28.195488721804512,7.330827067669173,22.18045112781955,42.29323308270676
313.53,55.21002774854081,16.036742895416708,0.0,14.544062769113005,14.209166586929484
434.0,19.5852534562212,9.56221198156682,0.0,63.36405529953917,7.48847926267281
192.55,41.49571539859777,30.849130096078937,0.0,27.65515450532329,0.0
244.08,0.0,0.0,0.0,0.0,100.0
119.77,8.307589546631043,31.719128329297824,22.90222927277281,24.88102195875428,12.190030892544044
636.3766666666667,19.68435884408081,13.52238977963784,3.3627882857636724,33.419410935871305,30.01105215464636
264.69,0.0,35.51701991008349,17.37126449809211,21.15682496505346,25.954890626770943
109.82,0.0,60.207612456747405,0.0,25.405208523037693,14.387179020214896
272.2,10.6539309331374,28.9860396767083,12.858192505510656,24.54077883908891,22.96105804555474
383.07,26.62698723470906,8.698149163338291,23.024512491189604,24.9562743101783,16.69407680058475
167.09,34.32282003710575,30.13346100903704,8.881441139505656,11.161649410497338,15.500628403854208
871.48,5.47344746867398,13.233809152246751,11.855693762335337,40.86152292651582,28.57552669022812
340.05,22.496691662990735,4.411116012351124,0.0,59.9911777679753,13.10101455668284
169.83700000000002,38.22783021367546,22.62698940749071,11.150691545422964,13.312764591932266,14.681724241478594
478.89,2.07772139739815,34.588318820605984,24.431497838752115,26.43613355885485,12.4663283843889
222.925,2.2316922731860487,46.89918133901536,23.079511046316025,10.833239878883033,16.956375462599528
406.56,0.0,38.78394332939787,36.42266824085007,24.79338842975207,0.0
296.87,62.70421396570889,31.569373799979797,0.0,0.0,5.726412234311315
216.34,10.908754737912544,16.108902653231024,8.93963206064528,17.172044004807248,46.87066654340391
351.1233333333334,63.69082088914626,14.216277281487036,2.356247092664496,13.357129973323714,6.379524763378488
327.40000000000003,0.0,79.65791081246182,9.529627367135005,10.812461820403175,0.0
348.49,19.36927888892077,24.62050560991707,32.95359981635054,5.079055353094781,17.977560331716834
471.72,3.3706436021368607,37.50953955736453,12.9483591961333,42.991605189519206,3.179852454846096
151.3166666666667,21.70943936556889,10.791937438043837,7.64621654367221,32.657781694019164,27.19462495869589
122.4,100.0,0.0,0.0,0.0,0.0
437.425,17.728753500600103,8.418586043321714,2.057495570669257,8.744356175344345,71.30936732011202
437.605,24.53696827047223,9.117811725185955,1.1517235863392783,5.758617931696394,59.43487848630616
364.92,0.0,20.552449852022363,3.978954291351529,40.85827030582046,34.61032555080566
420.405,25.71330026997776,24.785623386972087,6.60791379740964,14.628750847397152,28.26441169824336
275.45,16.282446905064436,27.48230168814667,9.039753131239788,22.07297150117989,25.122526774369213
224.34500000000003,34.53386525217856,26.46370545365397,5.059172257014865,11.778733646838573,22.164523390314024
673.37,19.64744494111707,25.31446307379301,21.79485275554301,10.76674042502636,22.47649880452055
198.07,16.05493007522593,28.185321687618853,12.921357769138856,37.31004190437724,5.528348563639118
252.2,23.67168913560666,7.930214115781127,0.0,21.05471847739889,47.343378271213325
194.186,19.61521427909324,39.52808132409133,20.22184915493393,15.912578661695488,4.892216740650715
54.39,18.29380400808972,10.78323221180364,22.79830851259423,33.41606913035485,14.708586137157564
431.39,15.426875912747166,31.368367370592736,6.379378288787409,30.99283710795336,15.83254131991933
734.6600000000001,24.99115236980372,8.167043258105789,0.0,30.22486592437318,36.61693844771731
230.718,64.5376606940074,4.046498322627624,0.3658145441621374,7.134250470271068,23.91577596893177
608.9,79.66825422893743,2.052882246674331,0.0,13.401215306290032,4.87764821809821
147.20000000000002,12.533967391304346,14.7758152173913,3.192934782608696,69.49728260869566,0.0
265.05,100.0,0.0,0.0,0.0,0.0
183.355,10.82599329170189,25.5242562242644,13.351149409615228,15.734504104060427,34.564096970358044
158.16,0.0,12.518968133535658,4.400606980273141,15.933232169954476,67.14719271623673
523.86,22.59191387011797,32.92100943000038,12.67514221356851,20.902531210628798,10.909403275684344
417.81,24.60448529235777,23.034393623896037,15.538163279959791,17.711399918623297,19.111557885163112
172.0,76.27906976744185,0.0,0.0,23.72093023255814,0.0
102.35,9.72154372252076,18.22178798241329,3.0776746458231554,68.9789936492428,0.0
174.63666666666668,13.408791586341165,25.58454696417323,9.413830619762935,27.58107308507186,24.011757744650797
468.16,55.541908749145584,4.998291182501709,1.7857142857142856,37.674085782638414,0.0
166.135,19.11096397508051,30.878502422728506,7.259156709904595,10.834562253588947,31.91681463869745
358.82,10.68781004403322,28.454378239785967,11.06961707820077,40.24301878379132,9.545175854188727
136.05,26.05659683939728,43.586916574788674,22.932745314222714,7.423741271591328,0.0
428.74,0.0,21.97135793254653,30.459019452348745,32.21066380556981,15.74380743574194
702.1,24.95371029767839,5.2983905426577405,3.674690215069079,50.33471015524853,15.738498789346249
1177.371666666667,53.39223100040626,21.25567825509645,7.049459035167314,15.543095284270189,2.759536425059773
113.378,18.20458995572333,33.170456349556346,8.837693379668014,5.397872603150523,34.38938771190178
291.85,27.12866198389584,18.75963679972588,3.349323282508138,27.63405859174233,23.128319342127803
143.46,47.67879548306148,10.874111250522793,4.8515265579255535,10.664993726474275,25.93057298201589
587.66,13.885580097335191,26.454072082496683,0.0,47.22118231630535,12.43916550386278
304.24,15.382592689981593,31.35682356034709,19.011306863002893,29.121745990007884,5.127530896660531
265.565,6.40144597367876,17.513603072694067,32.60218778830041,15.363470336829025,28.119292828497738
142.26,28.131590046393928,16.631519752565726,13.665120202446229,26.353156192886267,15.21861380570786
493.0,8.72210953346856,53.286004056795136,5.385395537525355,24.74645030425964,7.860040567951318
226.78,30.646441485139785,54.61239968251169,2.6148690360702003,5.203280712584885,6.923009083693447
115.295,3.6861962791101086,21.050349104471135,1.4744785116440435,67.28392384752158,6.505052257253133
625.04,0.0,40.73339306284398,0.0,59.26660693715603,0.0
547.4499999999999,6.301945383140013,25.478125856242578,9.611836697415288,47.27372362772856,11.33436843547356
274.93,31.789910158949542,19.00483759502419,6.267049794493143,30.57141817917288,12.366784272360237
322.01,5.543306108505948,32.96792025092388,0.0,18.81929132635633,42.669482314213845
98.2,37.44908350305499,15.580448065173115,0.0,6.415478615071284,40.55498981670061
783.11,13.1782252812504,29.078928886107956,21.10048396776953,21.938169605802507,14.704192259069607
244.19,33.805643146730006,25.758630574552605,14.79995085793849,14.722142593881816,10.913632826897087
777.29,27.76312573170889,20.119903768220357,7.68053107591761,18.603095369810497,25.83334405434265
75.78,0.0,63.18289786223277,0.0,36.817102137767215,0.0
505.0,3.1485148514851486,39.7069306930693,21.382178217821775,29.12871287128713,6.633663366336634
97.31,21.272222793135334,43.58236563559757,0.0,26.050765594491832,9.094645976775254
578.9133333333334,2.591061413913424,39.90695210566923,21.538054055299007,17.875444798876053,18.088487626242262
522.0166666666668,33.11196960505731,15.334120877366622,22.28281344784649,29.271096069729573,0.0
465.61,25.063894675801635,36.34372114000988,5.463800176113056,16.473013895749663,16.65557011232577
236.17,71.21988398187746,3.209552441038236,0.0,7.30406063428886,18.266502942795444
1893.56,6.883858974629797,42.200405585246834,25.165297112317543,22.022011449333533,3.728426878472296
149.41,18.03761461749548,48.22970350043504,9.102469714209224,14.055284117528949,10.574928050331303
422.7000000000001,30.092264017033354,0.0,0.0,0.0,69.90773598296663
145.2,20.798898071625345,25.792011019283752,8.677685950413224,34.50413223140497,10.22727272727273
156.65,23.172677944462176,18.19342483242898,14.842004468560486,6.447494414299395,37.344398340248965
261.76,50.33236552567237,11.26986552567237,22.868276283618584,5.50122249388753,10.028270171149146
357.01,26.721940561889024,39.21458782667152,11.361026301784264,4.9578443180863285,17.744600991568866
365.8,8.693275013668671,35.75724439584473,0.0,30.508474576271183,25.041006014215416
499.52,12.146660794362589,8.073750800768737,15.458840486867391,47.48058135810379,16.840166559897504
144.77,20.61891275816813,13.158803619534435,16.799060578849208,8.461697865579884,40.96152517786834
214.08,25.527840059790734,2.942825112107624,39.8822869955157,5.511958146487295,26.135089686098656
261.6933333333333,23.468945839914408,6.273246038620268,2.9525653436592454,7.687114688948898,59.61812808885719
1520.42,9.997237605398508,32.24109127741019,21.587456097657224,23.97363886294577,12.20057615658831
1016.95,6.26874477604602,42.52421456315453,8.697576085353262,10.713407738826884,31.7960568366193
496.7,94.10106704248037,4.52989732232736,1.369035635192269,0.0,0.0
295.81,29.81643622595585,21.47831378249552,10.885365606301344,14.096886514992732,23.72299787025456
970.94,24.052292966952987,9.66554747632878,2.7784071792970386,30.200973626931976,33.30277875048922
401.22,49.8105777378994,1.5577488659588254,7.656647225960819,28.301181396739945,12.673844773441004
209.08,0.0,15.496460684905298,22.23072508130859,46.63286780179835,15.639946431987756
372.5,10.107382550335572,14.093959731543624,1.3691275167785235,40.22818791946309,34.20134228187919
399.67,76.68826782095229,7.135887106863163,0.0,0.0,16.175845072184554
35.400000000000006,0.0,0.0,0.0,100.0,0.0
194.5,29.8586118251928,6.812339331619537,0.2442159383033419,12.5706940874036,50.51413881748073
190.7,34.81908757210279,13.109596224436288,9.517566858940745,14.55165180912428,28.002097535395915
301.24,39.503386004514674,8.976231576151905,0.0,25.892975700438186,25.627406718895237
391.5,0.0,59.08045977011495,2.6053639846743293,24.52107279693487,13.79310344827586
305.45,44.11523981011622,4.910787362907186,0.0,45.17924373874612,5.794729088230481
247.38,9.580402619451856,39.77686150861024,26.388552025224357,12.12709192335678,12.12709192335678
203.1,27.424913835548992,9.748892171344163,5.022156573116691,8.714918759231907,49.08911866075825
1381.92,43.023474586083125,25.95808729883061,1.910385550538381,14.89232372351511,14.215728841032766
33.0,0.0,100.0,0.0,0.0,0.0
326.4,0.0,0.0,0.0,100.0,0.0
377.52,8.264462809917356,40.24157660521297,30.83280356007629,8.105530832803561,12.55562619198983
346.63,11.68392810778063,22.574503072440358,23.66500302916655,22.87741972708652,19.199146063525948
50.55,35.311572700296736,0.0,0.0,35.01483679525223,29.673590504451035
193.3,8.432488360062079,49.06880496637351,17.899637868598035,5.4578375581996905,19.141231246766687
129.75,88.4393063583815,0.0,0.0,0.0,11.560693641618498
204.95,32.93486216150281,22.90802634788973,24.8841180775799,0.0,19.27299341302757
161.0,51.8944099378882,0.0,6.335403726708074,32.54658385093168,9.22360248447205
115.65,0.0,21.78988326848249,0.0,65.36964980544747,12.84046692607004
110.75,35.93679458239278,33.29571106094808,6.772009029345373,10.654627539503386,13.340857787810384
407.03,17.087192590226763,20.993538559811316,29.010146672235464,11.866447190624768,21.042674987101687
193.64,48.51786820904772,13.039661227019211,0.898574674653997,1.523445569097294,36.02045032018179
440.2,49.670604270786,18.809631985461152,7.598818718764198,23.920945024988644,0.0
337.98,13.846973193680098,30.463341026096213,6.426415764246404,28.0194094325108,21.243860583466475
275.17,49.42399244103646,6.721299560271832,1.6989497401606282,31.64407457208272,10.51168368644838
283.77,20.350988476583147,38.1647108573845,37.88984036367481,3.594460302357543,0.0
201.6,0.0,69.94047619047619,0.0,30.059523809523807,0.0
335.8,27.843954734961287,24.478856462179863,28.320428826682548,9.827278141751044,9.529481834425251
103.7,77.04918032786885,0.0,8.19672131147541,14.754098360655735,0.0
194.85,44.34180138568129,0.0,15.704387990762122,8.006158583525789,31.947652040030796
479.2585714285714,35.4483562407409,15.127086183718305,14.732577999946344,17.006924386179843,17.6850551894146
91.8,0.0,33.33333333333333,66.66666666666666,0.0,0.0
295.2,2.87940379403794,54.69173441734417,18.987127371273715,19.834010840108405,3.607723577235773
121.05,13.795952085914912,9.624122263527468,24.080958281701776,24.8244527054936,27.67451466336225
302.38,28.88749255903168,14.13949335273497,13.575633309081288,28.622924796613532,14.774455982538528
110.7,0.0,35.230352303523034,31.16531165311653,33.60433604336043,0.0
326.4,0.0,0.0,0.0,100.0,0.0
709.96,10.000563412023212,58.208913178207226,16.620654684770972,15.169868724998592,0.0
162.22,6.133645666378991,32.190851929478484,2.095919122179756,41.1786462828258,18.40093699913697
311.65,42.08246430290391,30.386651692603884,3.272902294240334,24.25798171025189,0.0
105.54,0.0,0.0,14.724275156338829,0.0,85.27572484366117
145.93,10.89563489344206,23.52497772904817,9.559377783868978,31.008017542657434,25.011992050983345
229.8,31.1792863359443,19.3864229765013,0.6309834638816361,0.9138381201044388,47.88946910356832
511.8666666666666,60.79708257358687,0.0,0.0,0.0,39.20291742641313
1040.105,9.530287807480974,30.3825094581797,12.342023161123157,35.34739281130271,12.397786761913462
338.02,9.437311401692208,50.92598071120052,22.7738003668422,16.862907520265075,0.0
188.4,36.38535031847133,5.971337579617835,20.063694267515924,37.57961783439491,0.0
103.68,0.0,0.0,100.0,0.0,0.0
438.1,27.98447842958228,16.023738872403555,20.26934489842501,21.75302442364757,13.969413375941569
278.7,44.34876210979548,22.8740581270183,12.701829924650166,6.350914962325083,13.724434876210982
419.3833333333334,72.3204705321305,0.0,0.0,26.66613678814132,1.0133926797281725
183.265,5.415654925926938,17.93850435162197,18.847024800152784,31.511745286879652,26.287070635418655
53.28,0.0,33.55855855855855,0.0,66.44144144144146,0.0
424.17,12.64823066223448,15.512648230662233,16.84937642926185,23.33969870570762,31.65004597213381
390.97,15.947515154615443,19.53091030002302,47.64048392459779,9.041614446121184,7.839476174642555
268.6,19.210722263588977,63.10498883097543,3.164556962025316,0.0,14.519731943410276
192.6575,22.44267677095364,15.944097686308606,5.717400049310305,13.729026900068774,42.16679859335868
30.0,0.0,50.0,0.0,0.0,50.0
75.275,33.87578877449352,22.417801394885416,2.82298239787446,19.29591497841249,21.587512454334107
294.65,44.45952825386051,6.719837094858307,26.522993381978612,17.206855591379604,5.09078567792296
408.0,100.0,0.0,0.0,0.0,0.0
243.48,0.0,54.46032528339083,8.329226219812716,22.301626416954164,14.90882207984229
137.1,0.0,21.88183807439825,0.0,78.11816192560175,0.0
402.895,56.51751697092296,8.861800220901229,6.007458518968963,8.187617121086138,20.425607168120727
39.6,100.0,0.0,0.0,0.0,0.0
417.62,23.4902542981658,3.2373928451702505,0.0,73.27235285666394,0.0
1141.24,25.945462829904315,39.749745890434966,13.353895762503942,13.2750341733553,7.675861343801479
344.68,26.096669374492283,14.619357084832307,10.963792503191367,26.74219565974237,21.577985377741676
257.22,27.38900552056605,15.636420185055592,29.566130160951708,20.177280149288546,7.231163984138092
219.25666666666663,25.76888578074403,22.27222281344543,6.243823828997979,30.398163491798048,15.31690408501452
119.3,87.42665549036045,0.0,0.0,0.0,12.573344509639565
311.64,0.0,23.87370042356565,8.3878834552689,44.79527660120652,22.94313951995893
201.95,31.740529834117357,21.787571180985392,4.283238425352811,26.12032681356772,16.06833374597673
33.15,38.46153846153847,0.0,61.53846153846154,0.0,0.0
16.21,0.0,42.81307834669956,57.18692165330042,0.0,0.0
103.5,14.782608695652174,55.65217391304348,0.0,29.565217391304344,0.0
173.7,20.552677029360968,0.0,0.0,0.0,79.44732297063904
134.55,0.0,0.0,0.0,0.0,100.0
287.91,26.796568372060715,29.46754194018964,10.183737973672327,11.201417109513388,22.35073460456392
210.9,0.0,0.0,0.0,100.0,0.0
169.8,0.0,45.58303886925796,9.89399293286219,44.522968197879855,0.0
324.45000000000005,49.32963476652797,0.0,0.0,25.150254276467862,25.52011095700416
