mean,categ_0,categ_1,categ_2,categ_3,categ_4,categ_5
278.98,17.2772241737759,16.47788371926303,9.516811240949172,29.392788013477663,19.356226252777976,7.979066599756254
345.89,23.89487987510481,0.0,0.0,0.0,0.0,76.1051201248952
226.45,14.042835062927796,4.13777875910797,21.218812099801283,16.780746301611835,37.75667917862663,6.063148597924487
299.35,0.0,9.65425087689995,25.05428428261233,29.69767830298981,20.795055954568227,14.79873058292968
46.85,0.0,0.0,36.28601921024546,0.0,32.017075773745994,31.696905016008543
142.25,0.0,23.51493848857645,63.30404217926186,13.181019332161686,0.0,0.0
16.5,0.0,0.0,0.0,100.0,0.0,0.0
415.265,12.895380058516851,0.0,18.81930815262543,28.68048113855009,38.43088148531661,1.17394916499103
225.7,35.26805494018609,0.0,7.842268498006205,56.88967656180771,0.0,0.0
284.6,37.26282501756851,14.212930428671818,33.169360505973295,9.381588193956429,5.973295853829937,0.0
302.38,21.63668232025928,18.23864012170117,25.79535683576956,12.347046762352008,12.492559031681989,9.489714928235994
226.61,13.106217730903314,26.212435461806628,7.148846035038171,8.15497992145095,38.01685715546534,7.360663695335599
128.03,7.771616027493556,15.58228540185894,14.137311567601344,33.19534484105288,23.11958134812153,6.193860813871749
303.9,0.0,0.0,0.0,0.0,78.67719644619942,21.3228035538006
65.69999999999999,0.0,100.0,0.0,0.0,0.0,0.0
230.74,0.0,7.367599895986824,3.3154199531940707,61.38944266273728,0.0,27.92753748808182
225.0,0.0,0.0,0.0,63.33333333333333,0.0,36.66666666666666
80.485,11.08902279927937,6.460831210784619,0.0,82.450145989936,0.0,0.0
50.55,35.311572700296736,0.0,35.01483679525223,0.0,0.0,29.673590504451035
587.66,2.7056461219072254,0.0,40.58469182860839,17.816424463124935,9.069870333185856,29.823367253173604
243.48,0.0,8.329226219812716,22.301626416954164,54.46032528339083,14.90882207984229,0.0
303.36,0.0,6.724683544303797,0.0,93.27531645569618,0.0,0.0
278.125,3.0561797752808992,15.262921348314606,37.3752808988764,16.035955056179777,8.206741573033709,20.062921348314607
344.88,0.0,0.0,29.22755741127349,0.0,70.77244258872652,0.0
330.3,34.36270057523463,7.03905540417802,21.73781410838632,16.863457462912503,19.996972449288524,0.0
346.79999999999995,3.8927335640138416,23.65916955017301,10.899653979238758,25.08650519031142,26.989619377162636,9.472318339100346
91.575,24.733824733824736,67.07616707616708,0.0,0.0,8.190008190008191,0.0
215.58,0.0,39.74394656276093,7.097133314778736,53.15892012246034,0.0,0.0
778.35,6.378878396608209,4.914241665060705,34.07978415879745,13.443823472730774,1.4453651956060898,39.73790711119676
97.24,40.929658576717394,5.183052241875771,36.40477169888935,0.0,17.482517482517483,0.0
37.2,0.0,100.0,0.0,0.0,0.0,0.0
13.44,0.0,100.0,0.0,0.0,0.0,0.0
158.16,0.0,4.400606980273141,15.933232169954476,12.518968133535658,67.14719271623673,0.0
463.01,2.13818276063152,30.623528649489213,13.045074620418568,33.81568432647243,16.82469061143388,3.552839031554394
166.74,0.0,32.229818879692935,30.076766222861945,12.954300107952502,24.73911478949262,0.0
933.32,7.467963828054687,0.0,37.38267689538422,17.400248574979642,29.39184845497793,8.357262246603524
104.25,0.0,61.15107913669065,0.0,0.0,38.84892086330935,0.0
329.36,10.323050765120232,14.774107359727957,18.490405635171243,20.40320621811999,36.009230021860574,0.0
219.6,0.0,33.879781420765035,13.934426229508196,31.69398907103825,20.49180327868853,0.0
364.92,0.0,3.978954291351529,28.36238079579086,20.552449852022363,22.402170338704373,24.70404472213088
87.5,0.0,0.0,0.0,14.914285714285713,73.42857142857143,11.657142857142857
325.76,5.602283889980353,24.524189587426328,29.68443025540275,21.402259332023576,14.550589390962672,4.236247544204322
344.68,26.096669374492283,10.45897644191714,25.52367413252872,14.619357084832307,19.423813392131837,3.877509574097714
162.70000000000002,0.0,17.148125384142592,53.1038721573448,19.606637984019663,4.917025199754148,5.224339274738783
453.76,38.04323871650212,4.589430535966149,20.7598730606488,18.58030677009873,16.28614245416079,1.7410084626234132
194.186,19.61521427909324,17.482207780169528,13.5849134335122,33.30724151071652,4.892216740650715,11.288146416322494
312.98,11.406479647261806,0.0,50.18851044795194,9.58527701450572,28.81973289028053,0.0
307.3,0.0,3.416856492027335,50.95997396680768,10.738691832085909,5.532053368044256,29.352424341034823
1951.3166666666668,5.649177051392649,16.653199976084522,30.21720376839569,21.971830985915485,16.274481333116956,9.23410688509468
361.7,13.726845452032071,13.478020458943876,35.83079900470004,15.205971799834115,18.855405031794305,2.9029582526956044
115.8,0.0,75.64766839378238,0.0,12.95336787564767,0.0,11.398963730569948
326.4,0.0,0.0,100.0,0.0,0.0,0.0
236.02,42.284552156596895,10.083891195661383,17.265485975764765,23.8411998983137,6.524870773663249,0.0
523.05,8.287926584456553,27.98967593920276,9.568874868559412,12.637415161074466,16.269955071216902,25.24615237548992
268.6,19.210722263588977,3.164556962025316,0.0,58.19061801935963,7.259865971705137,12.174236783320923
275.17,36.17763564342044,10.502598393720248,30.2631100774067,5.658320311080423,10.51168368644838,6.886651887923829
304.35,37.34187612945622,25.135534746180383,5.815672745194678,0.0,10.119927714802037,21.586988664366675
65.25,24.674329501915707,41.7624521072797,16.85823754789272,0.0,7.662835249042145,9.042145593869732
173.715,5.137725585009931,24.661082808047667,16.319834211208015,19.51472239012175,35.66185994301011,3.022191520594076
201.2,8.449304174950298,0.0,51.441351888668,32.206759443339955,0.0,7.902584493041749
696.0,2.8591954022988504,12.456896551724135,19.35344827586207,41.72413793103448,23.60632183908046,0.0
736.28,17.90079860922475,16.0305861900364,24.691693377519425,22.87173357961645,7.252675612538709,11.252512631064269
300.42,5.292590373477132,25.587510818187862,18.873576992210907,14.146861061181012,14.52965847813062,21.569802276812467
254.4,6.682389937106918,1.6509433962264155,63.18789308176102,14.091981132075473,8.549528301886793,5.837264150943397
420.405,25.71330026997776,6.60791379740964,14.628750847397152,24.785623386972087,28.26441169824336,0.0
710.16,8.814914948743946,22.55266418835192,13.912357778528785,30.816998986143968,13.602568435282189,10.300495662949196
346.67,24.158421553638902,23.13150835088124,5.32206421092105,33.888135691002965,5.711483543427467,7.7883866501283645
298.25,53.52891869237217,8.549874266554903,16.194467728415756,21.72673931265717,0.0,0.0
910.14,1.7469839804865186,45.91271672489947,16.41505702419408,19.46843342782429,6.284747401498671,10.172061441096975
68.265,36.10928001171904,21.40921409214092,5.401743206621255,11.975390024170512,15.674210796162011,9.43016186918626
405.34,0.0,6.276212562293382,28.98801006562392,19.42813440568412,32.72561306557458,12.582029900824
402.895,48.37488675709552,11.561014656424131,7.641569143325184,8.823018404298887,19.83302101043696,3.766490028419316
21.275,0.0,23.50176263219741,41.59811985898942,0.0,34.90011750881316,0.0
721.32,19.568291465646315,15.107026007874452,18.25126157599956,31.94144069206455,15.131980258415128,0.0
321.39,9.287781200410716,5.301969569681695,29.68356202744329,39.35405582003174,7.934285447587045,8.438345934845517
92.82,0.0,16.289592760180998,19.06916612798966,32.32062055591467,32.32062055591467,0.0
126.28,9.42350332594235,0.0,1.6629711751662972,68.12638580931264,20.787139689578712,0.0
128.645,12.71911073108166,9.258035679583347,20.42442380193556,18.350888102918887,33.299001127132804,5.94854055734774
298.93,8.982035928143711,14.043421536814638,23.182684909510588,9.935436389790253,6.723982203191382,37.13243903254943
472.065,7.202397974855159,17.010369334731447,13.377395062120684,43.12965375530912,7.721394299513838,11.558789573469754
145.93,10.89563489344206,8.976906736106352,31.008017542657434,23.52497772904817,25.011992050983345,0.5824710477626259
221.4,6.707317073170732,46.07046070460704,13.324299909665765,12.579042457091235,21.318879855465223,0.0
185.25,0.0,0.0,32.712550607287454,34.97975708502024,32.30769230769231,0.0
150.79000000000002,24.968499237349956,18.164334504940644,11.903972411963656,12.136083294648182,31.732873532727638,1.0942370183699184
201.94,10.795285728434187,25.794790531841144,15.27681489551352,40.70515994849956,7.427948895711597,0.0
303.57,0.0,19.70550449649175,6.720031623678229,40.41901373653523,27.720130447672695,5.435319695622097
165.86,0.0,25.829012420113344,17.72579283733269,38.176775593874346,0.0,18.26841914867961
125.2,13.458466453674124,21.56549520766773,1.6773162939297124,59.90415335463258,3.3945686900958463,0.0
123.15,0.0,41.41291108404385,28.745432399512797,0.0,12.058465286236297,17.783191230207063
74.4,0.0,11.424731182795698,0.0,0.0,71.77419354838709,16.801075268817204
214.26,22.332679921590596,20.61047325679081,18.99561280687016,17.03537757864277,17.10538597965089,3.920470456454775
112.6,39.52042628774423,0.0,0.0,35.16873889875666,25.31083481349911,0.0
233.45,0.0,0.0,31.6127650460484,40.73677446990791,27.6504604840437,0.0
116.25,0.0,0.0,0.0,100.0,0.0,0.0
177.97500000000002,0.0,10.113780025284449,23.177412557943526,26.80151706700379,21.07037505267593,18.83691529709229
353.225,34.74414325146861,7.219194564371151,0.0,10.53153089390615,32.85441290961851,14.650718380635572
258.75,24.830917874396132,26.28019323671498,6.840579710144929,3.864734299516908,38.18357487922705,0.0
1099.26,12.976911740625512,28.641085821370737,12.922329567163365,31.43751250841475,7.032003347706641,6.990157014718994
147.06,21.89582483340133,3.875968992248061,22.813817489460085,35.502515979872165,15.91187270501836,0.0
125.44,0.0,0.0,0.0,100.0,0.0,0.0
216.4,0.0,4.621072088724584,19.824399260628468,27.35674676524954,48.19778188539741,0.0
379.75,10.980908492429233,24.081632653061224,6.63594470046083,39.69716919025675,0.0,18.60434496379197
167.09,34.32282003710575,8.881441139505656,11.161649410497338,30.13346100903704,15.500628403854208,0.0
70.92714285714285,19.54722149489416,27.480916030534356,25.66013414167456,15.045620254184373,12.266108078712564,0.0
397.96,0.0,22.50477434918082,21.032264549200928,18.469192883706903,11.307669112473617,26.686099105437734
51.6,30.813953488372093,69.18604651162791,0.0,0.0,0.0,0.0
571.5,8.661417322834646,0.0,69.02887139107612,4.811898512685914,7.874015748031496,9.623797025371829
884.5475,23.79465206786521,15.264867064798665,1.667519268326461,28.09063391168931,31.18232768732035,0.0
365.27,36.67150327155256,4.172256139294221,3.723273195170696,27.39891039505024,13.209406740219563,14.824650258712731
419.3833333333334,24.14259031117116,41.77562293844135,24.321424313476133,0.0,1.0133926797281725,8.746969757183166
160.0,18.625,17.25,5.531250000000001,10.874999999999998,47.71875,0.0
35.400000000000006,0.0,0.0,100.0,0.0,0.0,0.0
101.2,0.0,14.82213438735178,15.118577075098813,47.826086956521735,22.233201581027668,0.0
279.29,13.516416627877833,8.521608364066022,17.186437036771814,27.51262128969888,27.35507895019514,5.907837731390311
197.735,2.1366981060510275,16.782562520545174,0.8850228841631477,44.06781803929501,41.07138341719978,0.0
165.50666666666666,15.95101909288649,8.845565133327964,12.325787480866833,49.18230886973334,13.69531942318537,0.0
384.7600000000001,9.278511279758812,18.832518972866204,26.00322278823162,28.47489344006653,3.8595488096475727,13.551304709429257
311.81,5.452038100125076,22.988358295115614,19.434912286328217,40.61126968346108,11.513421634970015,0.0
288.7,0.0,18.08105299618982,11.4305507447177,0.0,49.54970557672325,20.93869068236924
1381.92,19.078528424221368,0.9551927752691908,13.980548801667243,16.67535023735093,14.215728841032766,35.094650920458484
166.22,22.47022019010949,17.988208398508,7.099025388039948,27.27710263506197,0.0,25.16544338828059
408.0,0.0,0.0,100.0,0.0,0.0,0.0
185.32333333333332,22.34832814720219,14.79216504487652,12.437721459790996,13.612245265032286,30.7120887817688,6.097451301329209
231.22,0.0,33.12862209151457,23.981489490528503,36.20794048957703,3.8275235706253783,2.854424357754519
428.8200000000001,3.369712233571194,0.5946551000419755,23.471386595774447,10.918334032927568,52.5395270742969,9.1063849633879
149.26,49.77890928581001,11.32922417258475,15.007369690473,23.88449685113225,0.0,0.0
247.56,0.0,44.42559379544353,48.351914687348525,0.0,0.0,7.222491517207949
428.74,0.0,18.89956617063955,28.6420674534683,18.12287167047628,5.2479358119139805,29.47240751970891
353.135,60.60713324932391,0.0,19.496793011171366,19.89607373950472,0.0,0.0
385.8,0.0,0.0,83.04821150855365,16.951788491446347,0.0,0.0
91.8,0.0,66.66666666666666,0.0,33.33333333333333,0.0,0.0
299.03000000000003,8.912149282680666,22.27201284152091,32.23756813697622,19.70705280406648,12.958566030164196,3.912650904591512
338.63,19.933260490801167,44.54714585240528,17.364084694209016,18.15550896258453,0.0,0.0
1034.763333333333,9.715587139088166,38.003537040675965,14.935782417235504,22.220862097291167,13.481343560041104,1.6428877456680917
900.2633333333333,14.653120013033224,12.731830316314856,29.963455137200597,22.61005113318696,14.806038233257675,5.235505167006691
292.64000000000004,0.0,0.0,32.46309458720612,17.304537998906508,50.23236741388737,0.0
117.67000000000002,7.839721254355399,7.249086428146512,4.567859267442849,28.184753972975265,41.00450412169626,11.1540749553837
476.76,14.158066951925496,21.39441228290964,0.0,0.0,24.49030958973068,39.95721117543418
75.275,33.87578877449352,2.82298239787446,19.29591497841249,17.436067751577546,21.587512454334107,4.981733643307871
12.45,68.27309236947792,0.0,0.0,0.0,31.726907630522096,0.0
239.4,0.0,0.0,100.0,0.0,0.0,0.0
354.23,25.23783982158485,12.689495525506024,24.08039974028174,22.790277503317053,14.383310278632528,0.8186771306778081
167.33499999999998,4.750948695730123,32.151074192488124,27.78856784294977,26.151133952849083,5.079630680969314,4.078644635013596
424.85,0.0,4.80169471578204,35.49488054607508,20.26597622690361,9.144403907261388,30.29304460397788
451.43,18.325100237024564,23.75783620937909,28.642314423055627,19.37841968854529,9.896329441995436,0.0
194.85,36.18167821401077,15.704387990762122,0.0,0.0,24.32640492686682,23.78752886836028
231.9,20.56921086675291,0.0,16.6882276843467,6.468305304010349,44.5019404915912,11.772315653298836
223.67666666666665,54.93048000834538,21.40738864134241,4.083274965351773,8.610643339343994,2.756955724781306,8.211257320835134
95.465,16.65531870318965,15.963965851359136,15.86969046247316,26.08285759178756,0.0,25.428167391190488
462.96,0.0,28.28214100570244,0.2106013478486262,60.96099015033696,2.430015552099533,8.116251944012442
819.3933333333333,7.611322197723519,12.081295918118284,25.909412654891025,27.679014555484137,13.416430041738195,13.302524632044848
327.40000000000003,0.0,9.529627367135005,10.812461820403175,79.65791081246182,0.0,0.0
70.80000000000001,0.0,0.0,100.0,0.0,0.0,0.0
97.8,0.0,10.429447852760736,12.883435582822086,30.67484662576687,46.01226993865031,0.0
413.79,23.792261775296648,4.350032625244689,8.555064162981223,63.30264143647744,0.0,0.0
112.27,24.806270597666337,15.070811436715063,20.308185623942283,27.87921973813129,10.46584127549657,1.4696713280484546
259.65000000000003,0.0,12.362796071634891,35.93298671288272,26.92085499711149,5.37261698440208,19.410745233968804
176.20000000000002,54.14301929625426,0.0,0.0,0.0,45.85698070374575,0.0
4278.34,3.155429442260316,6.692315243762767,17.803634119775428,43.546796187306285,8.723009391492962,20.078815615402235
499.89,21.894816859709135,20.74456380403689,15.583428354237933,17.68189001580348,16.50363079877573,7.591670167436835
174.02,0.0,0.4827031375703942,34.99597747385358,11.653832892770946,38.38639236869325,14.481094127111827
126.545,13.433956300130388,19.49504128965981,25.445493697894037,8.929629775969023,32.69587893634676,0.0
185.0,0.0,0.0,100.0,0.0,0.0,0.0
1056.63,7.036521772048872,23.281564975440787,8.517645722722241,24.439018388650705,15.880677247475464,20.84457189366192
414.88,8.520536058619358,20.736116467412263,22.018414963362904,19.704492865406863,11.36473197069032,17.655707674508292
142.26,18.339659777871503,12.709124138900608,16.512020244622523,15.577112329537467,13.412062420919446,23.450021088148464
230.1,0.0,0.0,0.0,0.0,100.0,0.0
163.2,0.0,0.0,100.0,0.0,0.0,0.0
295.2,2.87940379403794,18.80081300813008,19.834010840108405,54.69173441734417,3.607723577235773,0.1863143631436314
137.1,0.0,0.0,78.11816192560175,21.88183807439825,0.0,0.0
258.32,27.41754413131001,14.253638897491482,5.903530504800248,11.255419634561784,35.67280891917002,5.4970579126664605
265.565,6.40144597367876,27.914070001694498,9.715135654171297,15.160130288253344,28.119292828497738,12.689925253704368
115.65,0.0,0.0,65.36964980544747,21.78988326848249,12.84046692607004,0.0
193.3,8.432488360062079,17.45990688049664,5.4578375581996905,42.6021727884118,19.141231246766687,6.906363166063115
189.92,3.132898062342039,15.464406065711875,26.458508845829822,23.457245155855095,22.95703454085931,8.529907329401853
290.34,15.22353103258249,6.1445202176758285,23.954673830681276,32.9785768409451,19.11551973548254,2.583178342632776
297.095,0.0,18.30222656052777,10.451202477322068,8.54103906157963,33.56502128948653,29.140510611083997
438.1,23.910066194932664,20.26934489842501,21.75302442364757,16.023738872403555,13.969413375941569,4.074412234649624
739.01,0.0,12.822559911232595,11.833398736147007,28.456989756566216,36.251200930975216,10.635850665078957
413.57,6.238363517663274,22.049471673477285,15.390381313925092,13.903329545179776,14.32647435742438,28.0919795923302
121.05,5.5762081784386615,28.08756712102437,10.532837670384138,8.59149111937216,22.8004956629492,24.411400247831477
293.37,9.476088216245698,37.26352387769711,6.6468964106759385,35.262637624842355,11.35085387053891,0.0
608.9,47.298406963376586,32.36984726556085,13.401215306290032,2.052882246674331,4.87764821809821,0.0
499.52,0.0,24.227258167841125,37.33083760409994,7.072789878283152,16.840166559897504,14.528947789878286
65.4,0.0,0.0,54.12844036697248,0.0,45.87155963302752,0.0
477.59,14.23815406520237,3.534412362067882,20.195146464540716,32.77706819657028,25.000523461546518,4.254695450072237
320.08,0.0,11.059735066233442,0.0,26.768307923019247,48.112971757060734,14.05898525368658
97.3,0.0,52.41521068859198,44.96402877697842,0.0,2.620760534429599,0.0
299.92,0.0,0.0,15.304081088290207,0.0,84.69591891170978,0.0
183.355,10.82599329170189,11.976766382154835,13.00755365275013,25.5242562242644,34.564096970358044,4.10133347877069
204.0,0.0,0.0,0.0,0.0,100.0,0.0
81.75,38.899082568807344,0.0,15.412844036697248,0.0,45.68807339449542,0.0
272.75,17.969752520623285,9.207149404216317,24.05591200733272,8.084326306141156,34.6608615948671,6.021998166819432
671.48,13.738309406088046,10.99288139631858,20.480878060403885,23.063233454458803,30.83114910347292,0.893548579257759
114.45000000000002,6.946264744429881,4.980340760157272,0.0,88.07339449541284,0.0,0.0
390.79,14.57304434606822,14.161058368944955,33.291537654494746,19.08953657974871,14.381125412625709,4.503697638117659
378.75,4.7128712871287135,9.425742574257429,41.26732673267327,36.55445544554456,0.0,8.03960396039604
305.135,5.571304504563554,6.282465138381371,20.449964769692105,36.63952021236501,31.056745374997952,0.0
479.35,21.633461979764263,20.402628559507665,0.0,0.0,29.91551058725357,28.048398873474493
346.08,11.153490522422564,12.077169055324394,25.54804284173216,6.303937432578209,34.7270380644167,10.190322083525968
301.6,30.802387267904518,39.55570291777188,11.5053050397878,5.470822281167109,12.383952254641912,0.2818302387267904
111.25,0.0,59.2808988764045,27.23595505617978,0.0,13.48314606741573,0.0
417.62,23.4902542981658,0.0,73.27235285666394,3.2373928451702505,0.0,0.0
347.56,0.0,2.6240073656347107,31.936931752790887,38.2207388652319,17.43583841638854,9.782483599953965
390.97,12.686395375604263,42.75519860858889,5.486354451748215,19.10888303450392,6.880323298462798,13.0828452310919
323.62,31.951053704962607,9.640936901303998,20.394289598912305,19.56615783944132,18.44756195537977,0.0
136.24,5.10129183793306,21.7190252495596,8.037287140340576,3.6699941280093946,3.119495008807986,58.35290663534938
172.25,30.943396226415093,0.0,27.692307692307693,19.15820029027576,0.0,22.20609579100145
102.35,9.72154372252076,3.0776746458231554,68.9789936492428,16.609672691744017,0.0,1.6121152906692715
161.04000000000002,44.27471435668157,4.098360655737705,5.495529061102832,24.38214108296075,21.749254843517136,0.0
223.48,0.0,14.10864506890997,28.99588330051906,27.765348129586545,26.848040093073205,2.2820834079112227
861.585,27.64672086909591,31.38982224620902,2.924842006302338,27.6885043263288,4.126116401747941,6.223994150315987
338.02,9.437311401692208,22.7738003668422,11.62653097449855,50.92598071120052,0.0,5.2363765457665234
265.05,100.0,0.0,0.0,0.0,0.0,0.0
290.51,3.425011187222471,12.650166947781488,8.12364462496988,32.239854049774536,43.56132319025163,0.0
168.0,0.0,0.0,34.82142857142857,46.13095238095239,0.0,19.047619047619047
970.94,22.30141237700922,3.916479562760486,26.63055046312508,8.79216704087448,32.62302510968752,5.736365446543212
489.6,16.115196078431374,29.473039215686278,35.294117647058826,15.890522875816991,3.2271241830065365,0.0
109.82,0.0,0.0,25.405208523037693,60.207612456747405,14.387179020214896,0.0
614.05,19.241104144613637,21.09111635860272,10.72388241999837,20.13109681622017,28.8128002605651,0.0
393.5033333333333,19.52122387781552,2.175331001008039,34.053078754097804,23.903228265749547,11.639037365206564,8.708100736122525
296.66,21.388121081372613,41.78520865637429,13.196925773612891,15.623946605541692,6.000134834490662,2.005663048607833
286.95,6.935006098623453,26.2066562118836,8.154730789336122,17.354939884997385,20.07318348144276,21.275483533716677
257.22,23.131949304097656,27.622268874893084,20.177280149288546,12.720628255967654,1.45789596454397,14.88997745120908
543.72,0.0,41.6795409401898,0.0,39.17457514897373,8.717722357095564,10.428161553740896
95.5,24.921465968586386,0.0,39.58115183246073,0.0,35.49738219895288,0.0
210.24,0.0,21.59436834094368,30.845700152207005,39.71651445966514,7.134703196347032,0.7087138508371384
193.64,39.76451146457344,9.651931419128278,1.523445569097294,13.039661227019211,30.907870274736627,5.112580045445156
346.14,0.0,33.59912174264748,2.9467845380481883,42.08990581845496,21.36418790084937,0.0
274.22,0.0,31.945153526365687,0.0,33.484063890307056,34.57078258332726,0.0
186.0,0.0,4.193548387096775,62.25806451612904,13.387096774193546,20.161290322580644,0.0
407.014,5.808154019272064,6.456780356449656,20.810094984447712,25.036976615055007,28.625550963848912,13.262443060926651
33.15,0.0,100.0,0.0,0.0,0.0,0.0
430.6,16.58151416627961,32.00185787273572,31.49094287041337,4.598235020901067,10.450534138411518,4.876915931258709
111.8,20.39355992844365,0.0,7.55813953488372,10.778175313059036,56.84257602862254,4.427549194991056
681.0,27.91483113069016,33.201174743024964,18.311306901615275,6.1233480176211454,4.801762114537445,9.647577092511012
201.75,15.762081784386616,3.866171003717472,41.63568773234201,7.434944237918216,16.05947955390335,15.24163568773234
302.1,0.0,22.608407811982783,36.34558093346574,26.481297583581597,0.0,14.564713670969876
326.7,15.013774104683195,27.548209366391184,19.283746556473837,9.121518212427302,0.0,29.03275176002449
48.8,0.0,0.0,100.0,0.0,0.0,0.0
164.70000000000002,24.74195506982392,0.0,15.300546448087433,12.021857923497263,38.91924711596843,9.01639344262295
202.5,100.0,0.0,0.0,0.0,0.0,0.0
315.0,38.44444444444444,20.507936507936503,0.0,13.714285714285715,4.761904761904762,22.57142857142857
162.0,0.0,0.0,43.70370370370371,36.66666666666666,0.0,19.62962962962963
195.45,10.437452033768228,27.203888462522382,9.976976208749042,17.600409311844462,25.709900230237917,9.071373752877976
290.95,5.84292833820244,6.85684825571404,4.485306753737756,1.959099501632583,28.561608523801347,52.29420862691184
300.87,32.505733373217666,32.93448997906073,3.39016851131718,17.509223252567555,13.660384883836873,0.0
332.18,8.850623156120175,13.050153531218012,0.0,23.445120115599973,21.765307965560844,32.88879523150099
127.55,25.793806350450804,21.28577028616229,23.75539004312035,29.16503332026656,0.0,0.0
1076.94,31.088082901554404,12.769513621928796,0.0,15.989748732519915,32.10763830854086,8.045016435456013
424.49,3.745671276119579,33.4495512261773,13.14518598789135,41.99156635020849,7.66802515960329,0.0
219.4,10.87055606198724,8.135824977210575,8.06745670009116,10.80218778486782,39.97265268915224,22.15132178669097
293.45000000000005,0.0,0.0,38.64372124723121,0.0,42.64781052990288,18.708468222865903
97.8,0.0,0.0,0.0,100.0,0.0,0.0
157.09,31.383283468075625,12.986186262651984,22.534852632249034,25.552231205041696,7.543446431981668,0.0
883.9,21.161896142097525,8.7905871704944,17.40015838895803,27.374137345853605,14.14752800090508,11.125692951691368
348.49,10.24419639014032,17.45817670521392,0.0,24.62050560991707,9.455077620591696,38.22204367413698
379.7,19.22570450355544,5.888859626020543,26.046879115090864,30.65578087964182,16.78957071372136,1.3932051619699763
1399.7,17.003643637922412,10.124788645185872,9.59610392703198,8.5682646281346,39.93379533709604,14.773403824629089
305.45,15.56719594041578,8.348338516942217,28.973645441152403,0.0,0.0,47.11082010148961
161.0,22.919254658385093,35.31055900621118,32.54658385093168,0.0,9.22360248447205,0.0
204.0,0.0,0.0,100.0,0.0,0.0,0.0
223.7,12.44970943227537,5.319624497094322,9.789897183728208,4.626732230666071,58.42646401430487,9.387572641931158
229.15,28.583897010691683,14.38795548767183,10.015273838097317,26.663757364171943,17.12851843770456,3.2205978616626654
110.35,22.111463525147258,1.5405527865881286,35.88581785228817,23.017671046669687,14.771182600815584,2.6733121884911646
215.01,11.069252592902656,0.0,10.976233663550532,8.092646853634715,13.88307520580438,55.97879168410772
115.295,3.6861962791101086,1.4744785116440435,46.5111236393599,20.40418058025066,6.505052257253133,21.418968732382147
739.247,7.799828744655035,15.609532402566394,19.0666989517712,32.298000532974775,20.321218753677734,4.904720614354877
330.0,0.0,0.0,100.0,0.0,0.0,0.0
791.885,6.146725850344431,8.213313801877797,13.988773622432552,33.63745998472,12.912228417004997,25.101498323620223
478.89,2.07772139739815,24.431497838752115,26.43613355885485,34.588318820605984,12.4663283843889,0.0
110.75,11.015801354401804,31.693002257336342,10.654627539503386,33.29571106094808,11.10609480812641,2.234762979683973
250.1,0.0,6.777289084366253,47.26109556177529,33.90643742502999,0.0,12.055177928828469
1282.3200000000002,0.0,0.0,0.0,0.0,100.0,0.0
29.43,0.0,69.92864424057083,0.0,0.0,30.07135575942916,0.0
642.95,17.248619643829223,23.602146356637373,29.94011976047905,14.270160976747803,8.709853021230266,6.229100241076288
190.34,21.17263843648208,30.214353262582744,14.421561416412738,19.071135862141432,13.554691604497217,1.565619417883787
257.0,16.245136186770427,5.661478599221789,31.225680933852143,22.93774319066148,13.13229571984436,10.797665369649806
160.73000000000002,5.288371803645865,21.389908542275865,7.839233497169165,16.145088035836494,49.33739812107261,0.0
185.97,14.948647631338387,10.17368392751519,31.72554713125773,11.42657417863096,31.72554713125773,0.0
331.53,17.570053992097247,1.7042198292763855,22.16993937200254,31.58386872982837,14.402919796096883,12.56899828069858
734.6600000000001,24.99115236980372,0.0,30.22486592437318,8.167043258105789,32.574252034954945,4.042686412762366
172.54,4.926393879680075,40.18778254317839,28.804914802364674,17.38727251651791,8.693636258258955,0.0
180.7,17.90260099612618,18.42833425567239,44.24460431654676,4.288876591034865,15.135583840619812,0.0
652.8,0.0,73.34558823529413,0.0,26.65441176470588,0.0,0.0
145.0,0.0,0.0,26.06896551724138,51.17241379310345,0.0,22.75862068965517
283.77,9.461888148852944,41.67459562321599,0.0,32.350142721217885,0.0,16.513373506713183
383.93,14.937618836767118,28.606777277107803,10.9134477639153,26.749667908212437,18.792488213997345,0.0
120.95,25.42372881355932,0.0,18.147995039272423,5.456800330715171,46.8788755684167,4.092600248036379
145.2,20.798898071625345,8.677685950413224,34.50413223140497,25.792011019283752,5.113636363636365,5.113636363636365
441.6,7.404891304347825,46.19565217391305,0.0,3.9402173913043472,42.45923913043478,0.0
63.77,0.0,0.0,55.51199623647484,21.20119178297005,0.0,23.28681198055512
165.65,40.83911862360399,6.821611832176274,15.57500754603079,31.93480229399336,4.8294597041955925,0.0
165.94,23.894178618777868,18.313848378932143,3.796552970953357,22.86971194407617,12.022417741352296,19.10329034590816
464.82,25.30872165569468,10.057656727335312,17.340045609052968,16.883955079385565,21.911707757841743,8.49791317068973
307.8,20.66276803118908,0.0,19.883040935672515,38.79142300194932,0.0,20.66276803118908
169.83700000000002,22.4097222631111,22.92668853076773,11.702397004186366,20.84881386270365,13.792636469085062,8.319741870146082
265.924,8.694213384275209,0.7581113400821288,7.242670838284624,25.037228681879032,45.537822836599936,12.72995291887908
448.65,7.979494037668561,13.77465730524908,20.929455031761957,44.70076897358744,7.099075002786137,5.516549648946841
636.3766666666667,19.68435884408081,3.3627882857636724,33.419410935871305,13.52238977963784,26.899687292117346,3.111364862529005
224.34500000000003,19.74637277407564,7.432748668345628,4.501994695669616,25.627939111636096,14.887784439145063,27.803160311127943
362.79,4.3827007359629535,33.90942418479009,13.933680641693542,33.85429587364591,9.30290250558174,4.6169960583257525
157.92,24.53774062816616,12.246707193515704,20.738348530901725,26.04483282674772,12.158054711246203,4.274316109422493
138.9,0.0,14.686825053995678,0.0,28.5097192224622,56.80345572354212,0.0
135.32999999999998,29.409591369245547,10.83277913249095,11.56432424443952,21.1483041454223,27.04500110840169,0.0
264.24,0.0,18.25613079019073,46.32152588555858,0.0,0.0,35.42234332425068
114.0,15.657894736842106,33.684210526315795,0.0,13.157894736842104,0.0,37.5
370.80000000000007,10.679611650485436,7.766990291262135,36.89320388349514,44.66019417475728,0.0,0.0
656.7,23.57240749200548,23.29830973047053,15.440840566468708,6.624029237094563,31.06441297396071,0.0
320.22,31.11923052901131,20.17987633501968,15.020923115358196,16.301292861157954,4.68427955780401,12.694397601648866
402.025,3.805733474286425,6.193644673838691,42.310801567066726,13.923263478639386,13.469311609974502,20.297245196194265
76.44,31.33176347462061,5.939298796441653,31.98587127158556,12.068288854003145,11.806645735217163,6.868131868131869
127.2,37.5,0.0,50.70754716981132,0.0,11.79245283018868,0.0
493.0,0.0,14.107505070993914,24.74645030425964,53.286004056795136,7.860040567951318,0.0
186.92,0.0,35.05242884656537,47.34645837791569,17.60111277551894,0.0,0.0
60.0,0.0,0.0,0.0,0.0,100.0,0.0
248.185,22.97681165259786,35.0887442834982,9.750790740778047,18.9072667566533,11.735197534097548,1.5411890323750428
127.05,0.0,0.7477371113734749,0.0,0.0,0.0,99.25226288862652
665.59,17.353025135593985,17.1126369086074,21.094066918072688,30.339999098544148,9.457774305503388,4.64249763367839
193.9,0.0,4.383702939659618,40.38164002062919,20.268179473955644,24.90974729241877,10.056730273336772
429.30000000000007,10.429769392033544,11.023759608665268,36.61774982529698,13.83647798742138,24.831120428604702,3.261122757978104
358.82,10.68781004403322,9.982721141519423,28.537985619530687,28.454378239785967,7.45499136057076,14.882113594559945
432.0,55.00000000000001,16.666666666666664,0.0,0.0,0.0,28.33333333333333
207.74,4.091653027823241,12.250890536247232,56.17598921729085,15.206508135168962,12.27495908346972,0.0
30.0,0.0,0.0,0.0,50.0,50.0,0.0
127.08,24.07932011331445,31.381806735914385,20.656279508970727,17.980799496380236,5.901794145420207,0.0
118.5,0.0,0.0,61.77215189873419,8.607594936708859,18.987341772151897,10.632911392405065
170.55,23.30694810905893,16.739958956317793,17.29698035766637,11.638815596599237,13.192612137203168,17.8246848431545
242.585,9.769771420326895,28.97334954758126,6.812045262485314,27.581054063524128,6.312220458808253,20.551559247274152
121.625,7.338129496402878,15.169578622816031,36.38232271325796,41.109969167523126,0.0,0.0
1000.9933333333332,11.032374507988733,25.504665365736702,20.404398297690964,23.16565544892074,18.66246195445857,1.2304444252042972
200.95,24.483702413535703,27.66857427220701,4.404080617068924,35.97909927842747,0.0,7.464543418760885
842.13,5.949200242242884,11.565910251386365,20.537209219479177,24.35253464429482,21.17250305772268,16.42264258487407
275.8,8.629441624365482,0.0,91.37055837563452,0.0,0.0,0.0
1040.105,7.078612255493436,14.15914739377274,32.5495983578581,30.3825094581797,10.962835482956049,4.8672970517399685
570.8000000000001,27.57533286615277,10.47477224947442,11.615276804484932,32.20042046250875,5.439733707077785,12.694463910301332
246.72,11.186770428015564,18.162289234760053,23.690823605706875,27.950713359273667,16.65856031128405,2.350843060959793
83.7,0.0,60.93189964157706,21.146953405017925,17.921146953405017,0.0,0.0
319.81333333333333,5.388559993329442,5.242641540898857,14.852413908113066,19.572875844242475,51.73851413324439,3.2049945801717667
313.53,31.06560775683348,19.073134947213983,14.544062769113005,16.036742895416708,9.472777724619656,9.807673906803178
166.95,0.0,6.109613656783468,0.0,17.969451931716087,75.92093441150045,0.0
382.5,0.0,0.0,0.0,0.0,0.0,100.0
232.01,32.0460324985992,11.283996379466403,17.068229817680276,28.93409766820396,10.66764363605017,0.0
144.77,13.74594183877875,16.799060578849208,8.461697865579884,13.158803619534435,40.96152517786834,6.872970919389375
161.2,16.718362282878413,31.42059553349876,21.960297766749385,20.099255583126556,9.8014888337469,0.0
101.55,31.314623338257014,45.49483013293944,12.40768094534712,0.0,0.0,10.782865583456424
479.2585714285714,18.7678288785356,27.88906078138553,14.069351170409057,14.881170617710094,16.059031659020928,8.333556892938795
311.07,12.79454785096602,13.951843636480538,24.30321149580481,29.163853794965767,14.321535345742117,5.4650078760407625
379.4566666666667,1.915018842731273,6.648102110912971,19.13261944710419,59.32078322513769,10.11534035506909,2.868136019044774
208.65,0.0,9.777138749101365,25.16175413371675,26.168224299065415,12.461059190031152,26.43182362808531
378.165,7.880158132032313,9.499821506485263,27.17067946531276,25.081644255814258,11.56902410323536,18.79867253712004
108.45,5.486399262332872,6.454587367450437,31.21254034117105,32.088520055325034,15.12217611802674,9.635776855693868
117.18054054054056,16.95212746328142,19.09158424976013,20.772520112185404,29.0189774153074,9.967063989962355,4.1977267695032845
403.61,7.878892990758405,8.978964842298257,11.075047694556629,21.92710785163896,20.068878372686505,30.071108248061247
186.88,6.902825342465754,2.4347174657534243,24.64148116438356,9.36429794520548,37.26990582191782,19.386772260273972
214.74,30.87454596255937,8.77340039117072,10.757194747136072,17.462978485610506,10.477787091366302,21.654093322157024
179.1,7.537688442211056,4.327191513121162,14.684533780011169,37.68844221105528,20.770519262981576,14.991624790619763
1167.41,11.504098817039427,6.833074926546799,27.625255908378374,31.68552607909817,13.491404048277811,8.860640220659407
197.8,42.16380182002023,18.5793731041456,18.09908998988878,4.170879676440849,16.98685540950455,0.0
172.0,41.51162790697675,34.76744186046511,0.0,0.0,0.0,23.72093023255814
304.85,5.576513039199606,20.46908315565032,25.15991471215352,19.271773003116284,29.52271608988027,0.0
119.4,29.899497487437188,0.0,0.0,8.29145728643216,7.4120603015075375,54.39698492462311
103.68,0.0,100.0,0.0,0.0,0.0,0.0
272.2,10.6539309331374,8.431300514327699,22.70389419544453,25.955180014695078,22.96105804555474,9.29463629684056
1416.025,8.25020744690242,6.4349146378065365,45.4686534489151,19.73888172878304,5.857947423244646,14.249395314348265
402.32,20.99075362895208,10.041757804732551,8.798965997216147,25.141678266056864,0.0,35.02684430304235
171.97500000000002,15.634539904055822,0.0,16.484954208460532,23.288268643698206,44.59223724378543,0.0
122.1,0.0,38.32923832923832,28.992628992628998,14.25061425061425,18.42751842751843,0.0
214.2,100.0,0.0,0.0,0.0,0.0,0.0
166.18,21.48272957034541,18.040678782043564,0.0,29.96750511493561,9.026356962330004,21.48272957034541
399.67,50.078815022393485,19.14079115270098,0.0,7.135887106863163,16.175845072184554,7.468661645857832
950.88,0.0,15.564529698805318,8.581524482584554,0.0,75.85394581861013,0.0
180.4,0.0,8.287139689578714,9.811529933481154,19.290465631929045,24.944567627494457,37.66629711751663
103.7,27.86885245901639,57.377049180327866,14.754098360655735,0.0,0.0,0.0
380.4166666666667,10.427163198247536,1.1566265060240963,18.32201533406353,38.79956188389924,19.46549835706462,11.829134720700988
33.0,0.0,0.0,0.0,100.0,0.0,0.0
365.73,0.0,34.118065239384244,13.124436059388076,33.54933967681076,19.20815902441692,0.0
245.61,9.71051667277391,12.403810919750825,22.48483367941045,37.81197833964416,6.870648589226823,10.718211799193844
2171.555,8.118606252201763,14.672204940699176,17.54157734895041,21.21475164110511,35.83837388415214,2.6144859328914074
512.95,26.51330539038893,4.474120284628131,0.0,49.84891314942976,2.8950190077005558,16.268642167852615
265.1,2.998868351565447,11.471142964918895,21.21840814786873,34.08902301018483,25.74500188608072,4.477555639381365
128.22000000000003,0.0,1.9653720168460451,58.96116050538137,19.419747309312115,0.0,19.653720168460456
318.05,8.111932086149977,6.414085835560446,47.55541581512341,23.864172299952838,14.054393963213332,0.0
620.0,0.0,0.0,0.0,81.37096774193549,0.0,18.62903225806452
1945.68,9.292381069857324,23.40981045187287,11.628325315570908,18.84996505077916,9.055959870071131,27.763558241848614
559.85,31.73171385192462,9.35964990622488,23.93498258462088,12.48548718406716,21.60400107171564,0.8841654014468162
317.59000000000003,1.873484681507604,2.6764066878680057,38.65046128656444,28.76035139645455,28.0392959476054,0.0
111.35,10.709474629546476,17.17557251908397,10.642119443197126,52.13291423439605,1.4593623709025596,7.88055680287382
416.165,33.2800692033208,24.72576982687156,3.676426417406557,0.0,38.31773455240109,0.0
229.8,24.67362924281985,7.136640557006091,0.9138381201044388,18.29852045256745,47.88946910356832,1.0879025239338556
511.8666666666666,26.569419119562387,34.22766345402448,0.0,0.0,21.489971346704877,17.71294607970826
270.005,42.83254013814559,2.870317216347845,24.45325086572471,19.61259976667099,6.444325105090647,3.786966908020221
174.4,9.11697247706422,11.811926605504588,20.29816513761468,25.80275229357798,32.97018348623853,0.0
293.15000000000003,0.0,0.0,22.41173460685656,16.987890158621862,60.60037523452158,0.0
399.035,0.0,22.722317591188745,16.940869848509532,20.98186875837959,36.22238650744922,3.132557294472916
158.0,0.0,0.0,13.57594936708861,20.69620253164557,59.4620253164557,6.265822784810126
210.9,0.0,0.0,100.0,0.0,0.0,0.0
236.175,13.369323594791997,28.79750185243992,2.4981475600719807,16.793691118873713,14.623690060336614,23.91764581348576
301.12,8.5846174282678,16.54489904357067,0.0,53.79914984059511,16.139744952178532,4.931588735387886
135.39999999999998,13.62629246676514,18.8330871491876,8.714918759231907,49.63072378138848,9.194977843426884,0.0
377.62,18.788729410518517,13.04221174725915,12.98924845082358,14.978020231979238,40.20179015941952,0.0
212.3,12.388130004710316,12.482336316533209,41.13283089967028,14.60197833254828,18.79415920866698,0.6005652378709373
1016.95,2.4534146221544813,9.356408869659274,9.680908599242834,36.6242194798171,28.87555927036728,13.009489158759036
147.16,27.600344296457376,14.197698649995468,15.436712874875418,16.943009875872065,18.607864455920996,7.21436984687868
201.6,0.0,0.0,0.0,0.0,0.0,100.0
166.0,0.0,12.289156626506022,21.32530120481928,0.0,41.807228915662655,24.578313253012045
313.49,5.071932119046859,20.97036588088934,35.53542377747297,16.045168904909247,10.271460014673517,12.105649303008068
135.325,0.0,5.542213190467394,12.414557546646964,76.55643820432293,0.0,5.48679105856272
159.27666666666667,12.881150199861876,9.605926794048091,30.24088064792918,21.57671138270933,19.337421258606614,6.357909716844904
210.25,4.708680142687277,33.95957193816885,33.10344827586207,13.79310344827586,0.0,14.435196195005943
312.95,12.717686531394792,20.083080364275443,11.311711135964217,55.88752196836556,0.0,0.0
